10000 5 2
3.000000 0.000001
79 289 
549 832 
809 460 
862 849 
81 676 
302 670 
446 340 
167 421 
252 399 
676 619 
263 389 
411 582 
326 311 
698 808 
751 454 
881 255 
294 879 
269 450 
529 355 
679 457 
69 558 
537 740 
260 310 
602 323 
575 573 
341 901 
523 161 
344 858 
686 377 
844 436 
57 138 
740 420 
752 638 
802 816 
613 242 
672 498 
366 474 
854 558 
386 473 
795 353 
331 297 
12 869 
668 411 
483 176 
746 280 
696 465 
80 549 
811 295 
610 615 
18 254 
123 859 
686 517 
371 450 
773 191 
285 429 
808 443 
301 257 
818 430 
525 326 
796 302 
532 864 
855 670 
525 512 
225 674 
309 550 
831 457 
281 540 
270 416 
346 908 
191 773 
208 396 
596 524 
291 602 
258 567 
52 806 
868 780 
144 896 
854 370 
110 888 
277 608 
671 433 
200 521 
529 899 
385 823 
602 403 
288 433 
47 485 
99 312 
203 370 
243 475 
760 608 
497 133 
431 392 
354 586 
26 394 
617 778 
519 334 
122 659 
375 696 
396 714 
740 751 
259 358 
41 563 
782 397 
64 409 
156 183 
609 600 
509 195 
476 852 
54 332 
842 836 
856 146 
268 483 
881 476 
266 361 
93 353 
126 797 
265 822 
627 241 
68 368 
854 165 
863 126 
226 899 
100 217 
707 349 
861 670 
481 519 
814 428 
600 881 
172 255 
570 554 
344 427 
534 179 
212 786 
438 143 
324 315 
728 164 
351 319 
464 794 
129 488 
261 331 
625 401 
304 834 
271 698 
731 193 
243 630 
625 807 
470 172 
854 767 
224 651 
310 185 
180 849 
516 652 
465 273 
331 165 
623 263 
364 379 
375 192 
284 353 
354 602 
438 702 
481 153 
841 364 
695 568 
105 143 
583 886 
248 644 
233 723 
335 191 
216 817 
72 217 
298 884 
560 604 
762 269 
100 825 
332 749 
493 564 
74 724 
544 473 
626 518 
470 185 
720 203 
137 426 
831 199 
432 382 
794 619 
359 170 
597 827 
546 652 
544 577 
71 427 
841 292 
161 688 
680 778 
157 767 
702 636 
112 373 
694 641 
848 226 
378 663 
168 316 
256 453 
738 459 
228 891 
685 449 
711 262 
121 869 
102 327 
631 429 
644 792 
560 861 
504 608 
365 727 
271 880 
627 548 
89 421 
294 498 
104 595 
547 227 
789 528 
760 243 
770 798 
648 203 
512 742 
434 305 
280 287 
98 636 
139 460 
455 203 
456 390 
716 170 
659 861 
547 158 
515 485 
751 617 
231 306 
708 662 
865 831 
653 304 
539 742 
129 781 
862 620 
77 384 
347 853 
192 494 
395 585 
129 127 
390 593 
597 576 
242 701 
113 165 
456 126 
255 572 
81 552 
294 204 
776 330 
221 783 
306 475 
544 890 
794 215 
237 245 
116 523 
148 705 
390 303 
760 653 
258 148 
762 871 
167 505 
507 477 
707 778 
217 424 
572 139 
150 532 
392 449 
312 402 
470 880 
849 323 
263 278 
440 192 
783 769 
634 445 
238 523 
536 438 
318 433 
877 158 
885 856 
413 393 
881 264 
241 455 
605 806 
57 622 
451 363 
441 763 
375 432 
408 868 
554 661 
413 579 
342 302 
853 286 
465 405 
466 406 
421 286 
713 316 
790 583 
481 508 
855 487 
66 749 
224 148 
185 750 
737 542 
538 242 
415 604 
555 460 
65 311 
198 887 
734 836 
661 823 
16 565 
363 132 
800 769 
674 211 
162 630 
558 579 
28 546 
333 604 
116 621 
528 750 
863 526 
69 205 
87 816 
239 799 
20 859 
450 848 
747 834 
500 246 
437 479 
799 546 
695 663 
25 733 
573 527 
837 757 
578 643 
569 833 
45 791 
274 466 
870 204 
611 147 
194 174 
275 548 
654 434 
392 684 
422 497 
162 482 
146 428 
313 828 
769 626 
757 563 
729 766 
386 897 
745 507 
563 452 
262 701 
102 621 
707 840 
177 342 
193 822 
48 262 
233 715 
204 152 
621 419 
447 158 
757 239 
643 773 
127 576 
732 636 
469 321 
392 254 
66 147 
843 357 
788 517 
607 336 
62 185 
376 332 
522 187 
591 503 
754 325 
131 896 
714 627 
25 815 
583 627 
495 359 
834 612 
564 829 
730 348 
146 207 
332 745 
403 665 
498 786 
605 289 
139 341 
328 825 
138 312 
309 476 
321 678 
475 215 
441 415 
737 712 
637 434 
647 246 
612 401 
481 507 
636 255 
378 535 
135 243 
318 860 
84 476 
825 896 
194 693 
424 187 
817 336 
768 349 
341 222 
437 637 
402 662 
510 298 
659 196 
739 668 
656 437 
25 738 
882 886 
722 523 
78 570 
537 210 
278 464 
445 708 
332 830 
566 410 
315 578 
124 168 
868 391 
820 762 
405 517 
726 684 
274 706 
325 893 
183 694 
594 628 
759 895 
190 602 
565 480 
36 233 
321 441 
43 823 
78 150 
133 319 
149 703 
378 774 
678 199 
88 247 
636 168 
12 172 
809 615 
428 201 
518 884 
509 157 
294 186 
762 748 
496 278 
599 493 
321 236 
300 215 
159 367 
681 618 
255 135 
569 718 
531 864 
182 411 
843 149 
504 277 
269 660 
42 471 
31 469 
835 320 
81 464 
189 421 
640 484 
221 484 
516 485 
416 264 
144 440 
442 169 
38 331 
488 842 
274 438 
715 373 
786 412 
764 404 
341 136 
124 874 
630 782 
173 145 
151 391 
849 578 
77 204 
218 356 
722 283 
553 793 
324 751 
422 353 
815 828 
798 746 
675 429 
15 195 
758 334 
787 797 
677 824 
563 457 
135 431 
843 551 
274 722 
90 525 
193 292 
845 478 
773 242 
463 305 
308 803 
786 384 
420 276 
472 257 
596 894 
471 586 
692 857 
881 607 
350 137 
388 783 
689 139 
401 723 
210 701 
179 720 
109 892 
168 472 
685 537 
749 614 
535 682 
188 282 
76 786 
617 182 
473 371 
69 218 
251 406 
796 227 
592 384 
295 223 
39 625 
257 487 
465 828 
221 899 
727 661 
728 251 
663 445 
298 593 
355 648 
857 547 
885 809 
691 387 
163 626 
549 620 
588 811 
337 168 
666 260 
431 241 
368 860 
186 527 
403 713 
830 152 
610 171 
587 848 
823 379 
265 698 
274 234 
749 876 
348 159 
849 344 
614 413 
36 480 
253 813 
625 221 
777 320 
190 481 
506 385 
151 651 
53 237 
862 235 
86 182 
181 277 
296 478 
146 136 
701 324 
54 467 
653 237 
809 256 
522 127 
309 396 
717 470 
384 726 
867 370 
244 657 
54 165 
269 483 
137 685 
725 795 
161 374 
427 660 
338 656 
83 680 
227 533 
678 403 
490 658 
521 352 
834 150 
27 443 
789 530 
218 774 
725 452 
639 673 
286 477 
644 760 
399 472 
658 794 
24 220 
509 481 
105 870 
350 658 
647 542 
583 330 
817 563 
779 859 
229 333 
661 633 
833 563 
596 382 
829 848 
607 751 
216 236 
746 508 
479 308 
717 855 
38 732 
528 380 
410 598 
639 426 
193 329 
169 713 
320 591 
464 693 
295 725 
745 269 
205 677 
564 567 
522 639 
887 230 
161 137 
57 185 
575 672 
233 602 
476 521 
685 504 
503 773 
179 758 
157 236 
449 593 
176 200 
664 208 
143 341 
151 264 
135 709 
138 387 
546 439 
152 174 
745 783 
579 841 
38 265 
103 614 
22 236 
713 876 
274 497 
287 679 
521 790 
180 434 
652 908 
110 572 
718 438 
431 137 
409 777 
550 833 
318 334 
280 137 
297 693 
246 896 
323 584 
723 646 
593 515 
88 638 
742 673 
868 897 
823 229 
653 486 
883 887 
94 789 
140 581 
43 497 
553 584 
471 373 
671 246 
825 665 
456 315 
632 770 
771 711 
68 596 
644 553 
503 252 
387 635 
605 695 
712 222 
727 860 
123 395 
91 577 
181 851 
614 716 
627 678 
887 400 
584 766 
605 684 
451 652 
464 534 
390 446 
467 448 
595 785 
519 276 
243 301 
632 669 
796 167 
130 135 
326 655 
303 189 
347 305 
817 400 
46 219 
190 222 
876 823 
373 537 
93 403 
823 809 
384 587 
468 654 
185 281 
81 444 
296 242 
739 326 
871 289 
665 703 
137 349 
54 126 
501 647 
336 300 
247 350 
547 799 
21 681 
377 786 
308 368 
688 230 
725 836 
823 357 
328 899 
425 834 
509 443 
14 643 
168 315 
793 220 
228 362 
826 892 
879 216 
472 711 
339 588 
86 625 
474 625 
489 864 
16 775 
693 599 
779 749 
16 151 
680 259 
714 844 
14 422 
866 395 
232 830 
682 742 
662 267 
792 789 
475 639 
430 670 
124 728 
620 785 
136 429 
141 466 
336 506 
675 444 
411 270 
646 584 
800 811 
323 721 
801 340 
48 747 
631 205 
678 707 
758 223 
835 567 
807 599 
679 128 
366 425 
22 279 
325 856 
499 541 
298 870 
817 663 
254 577 
35 596 
618 522 
731 370 
839 552 
260 430 
113 142 
383 586 
715 423 
336 628 
662 168 
564 238 
712 490 
195 610 
681 763 
581 716 
57 731 
770 718 
47 729 
396 839 
507 239 
79 516 
224 340 
322 768 
305 275 
801 471 
57 378 
427 713 
332 734 
253 302 
415 669 
728 125 
231 404 
495 327 
597 391 
205 487 
328 509 
505 271 
711 564 
272 858 
526 896 
457 542 
342 497 
701 215 
287 651 
776 802 
877 781 
523 395 
31 230 
734 391 
691 348 
513 896 
880 341 
352 166 
886 667 
512 219 
169 426 
467 124 
634 476 
273 228 
27 888 
404 907 
150 817 
484 142 
727 884 
466 527 
630 272 
341 163 
161 664 
438 378 
357 213 
55 181 
392 218 
693 823 
164 290 
419 680 
488 155 
752 521 
532 177 
476 878 
359 843 
581 753 
701 515 
712 187 
88 491 
690 184 
265 422 
628 204 
616 316 
155 579 
760 151 
60 244 
178 135 
667 137 
828 288 
749 219 
865 893 
82 705 
725 347 
333 648 
417 718 
38 403 
240 843 
119 240 
768 493 
109 625 
812 538 
681 196 
329 894 
481 231 
396 208 
250 773 
465 281 
732 183 
782 844 
783 326 
560 523 
661 376 
268 195 
130 599 
710 680 
161 578 
65 567 
418 751 
663 366 
332 703 
602 291 
226 535 
878 241 
730 446 
496 795 
764 321 
808 361 
329 357 
418 172 
585 490 
355 255 
556 145 
60 315 
162 743 
345 738 
256 901 
165 209 
488 847 
220 213 
609 795 
636 524 
553 385 
135 673 
425 687 
690 159 
155 158 
796 318 
813 881 
157 844 
52 173 
250 743 
798 285 
446 569 
808 662 
717 484 
731 250 
694 247 
702 753 
639 624 
732 226 
301 290 
846 842 
378 318 
733 500 
538 235 
385 418 
442 593 
553 404 
682 680 
596 404 
682 596 
349 245 
208 536 
678 224 
650 897 
340 402 
201 865 
828 268 
749 640 
462 418 
819 287 
548 713 
812 784 
55 501 
366 642 
798 701 
758 806 
329 541 
670 804 
853 561 
322 860 
175 176 
591 280 
143 195 
468 458 
224 655 
233 295 
454 484 
654 158 
444 217 
816 751 
541 497 
861 325 
137 172 
349 277 
755 504 
88 555 
543 536 
713 771 
492 614 
71 191 
373 834 
268 710 
698 811 
116 377 
415 527 
288 407 
411 744 
298 537 
584 720 
886 508 
667 797 
481 365 
126 757 
368 525 
848 824 
114 714 
660 847 
829 264 
85 766 
405 761 
658 229 
236 392 
623 759 
89 363 
837 202 
451 377 
730 394 
310 407 
599 337 
254 196 
158 893 
573 893 
714 809 
389 286 
819 258 
79 142 
269 288 
142 719 
505 322 
572 600 
555 413 
443 770 
429 179 
613 417 
472 168 
380 537 
15 384 
537 874 
827 261 
309 827 
193 281 
152 651 
360 363 
703 862 
750 126 
112 456 
771 899 
494 591 
350 462 
133 453 
754 868 
541 550 
506 881 
278 904 
476 258 
883 907 
324 774 
788 355 
110 216 
329 297 
671 353 
69 527 
38 438 
547 403 
450 201 
866 389 
233 306 
753 394 
389 822 
284 789 
659 316 
884 866 
675 541 
447 702 
192 897 
117 746 
258 597 
209 189 
405 865 
340 394 
784 694 
531 594 
518 181 
536 261 
479 359 
814 157 
460 819 
25 226 
706 317 
700 577 
597 772 
541 538 
659 284 
500 477 
855 565 
391 675 
519 899 
253 333 
678 331 
418 542 
82 503 
200 611 
266 582 
457 355 
354 624 
343 574 
446 329 
846 838 
107 299 
73 622 
659 645 
767 197 
734 639 
120 297 
590 769 
474 520 
550 399 
871 267 
555 828 
261 340 
82 415 
24 136 
268 886 
414 217 
121 363 
119 123 
300 595 
739 226 
686 496 
43 278 
178 608 
730 225 
539 402 
17 448 
834 761 
476 756 
846 162 
226 379 
152 725 
578 306 
476 680 
710 556 
55 396 
284 583 
212 550 
799 631 
193 132 
467 625 
726 595 
299 224 
726 707 
74 591 
57 331 
590 776 
288 812 
138 204 
338 371 
14 841 
201 401 
792 519 
849 358 
152 569 
716 466 
247 269 
759 327 
31 876 
102 718 
85 376 
629 511 
592 165 
625 308 
463 502 
667 388 
137 692 
123 840 
63 199 
116 434 
487 547 
799 423 
179 821 
628 555 
72 258 
540 452 
238 782 
181 246 
867 759 
650 575 
242 478 
847 278 
658 211 
657 454 
415 390 
593 425 
386 649 
108 214 
546 457 
431 441 
815 902 
124 595 
45 330 
665 319 
460 254 
407 811 
228 717 
429 762 
437 667 
388 199 
332 564 
534 455 
277 331 
63 743 
726 297 
222 363 
814 551 
808 172 
876 658 
243 431 
384 245 
510 889 
117 790 
847 351 
190 541 
754 589 
689 419 
588 392 
94 172 
571 397 
185 392 
574 528 
180 177 
638 285 
451 837 
296 206 
620 417 
796 504 
217 420 
331 338 
475 264 
277 526 
537 430 
604 292 
864 126 
540 717 
440 295 
829 321 
401 805 
456 553 
562 567 
160 397 
598 315 
84 651 
195 616 
879 156 
281 776 
308 423 
802 459 
230 282 
867 251 
313 348 
664 317 
400 264 
822 521 
390 437 
649 823 
163 146 
286 196 
843 332 
318 260 
192 552 
476 815 
766 715 
500 537 
541 318 
546 855 
271 193 
777 582 
488 754 
875 521 
580 265 
208 486 
676 555 
646 854 
15 353 
838 235 
36 609 
672 341 
497 784 
578 781 
704 125 
365 228 
546 483 
118 807 
337 773 
384 488 
114 359 
132 695 
434 901 
782 661 
215 723 
314 234 
839 791 
401 731 
631 698 
846 751 
883 422 
215 386 
825 649 
628 602 
108 209 
860 519 
645 138 
669 342 
551 438 
877 367 
99 744 
673 567 
82 421 
746 398 
525 870 
261 401 
708 202 
434 271 
467 841 
601 332 
238 822 
453 478 
666 139 
743 859 
169 669 
456 198 
148 287 
555 237 
108 123 
599 287 
799 244 
514 758 
686 721 
637 142 
482 761 
508 286 
604 584 
384 617 
556 830 
84 146 
652 376 
342 587 
451 355 
686 230 
104 704 
541 730 
618 837 
574 639 
784 591 
53 794 
354 900 
460 223 
871 703 
133 668 
184 376 
56 321 
414 804 
108 274 
77 591 
205 896 
551 267 
124 703 
582 401 
70 336 
122 197 
230 804 
33 669 
215 655 
622 327 
543 579 
222 597 
114 315 
655 267 
282 247 
672 740 
261 613 
581 842 
866 171 
739 331 
435 695 
408 482 
687 871 
135 599 
434 196 
339 523 
36 490 
50 135 
853 594 
29 254 
217 906 
94 443 
397 847 
211 894 
620 201 
672 384 
284 213 
500 854 
302 876 
654 284 
172 840 
495 707 
26 386 
583 208 
30 891 
487 680 
93 302 
641 590 
37 481 
534 240 
274 783 
492 424 
191 735 
310 154 
99 805 
318 357 
737 490 
704 262 
706 766 
115 329 
679 179 
23 342 
271 205 
612 490 
296 489 
622 614 
257 200 
478 343 
887 389 
597 220 
533 581 
607 527 
201 886 
506 807 
195 906 
116 197 
311 219 
119 811 
460 330 
239 356 
350 877 
676 166 
757 467 
711 871 
722 651 
795 524 
128 527 
122 763 
310 301 
586 740 
337 379 
419 751 
758 336 
578 268 
618 537 
448 731 
152 453 
355 564 
182 665 
149 635 
279 600 
632 222 
251 271 
85 214 
162 228 
106 238 
414 751 
803 851 
721 224 
295 598 
363 602 
212 248 
647 700 
204 434 
106 721 
206 742 
79 689 
448 907 
64 409 
240 391 
245 535 
689 890 
836 863 
612 832 
161 148 
493 708 
431 834 
696 665 
52 242 
380 173 
603 629 
199 343 
464 739 
668 351 
222 831 
718 644 
35 216 
783 326 
495 564 
25 639 
206 663 
529 322 
879 377 
496 704 
31 547 
438 427 
810 266 
96 167 
633 479 
14 226 
145 505 
103 351 
43 479 
399 659 
185 695 
542 614 
290 319 
685 528 
202 384 
265 174 
529 184 
523 566 
120 616 
209 701 
163 496 
81 479 
611 257 
144 181 
418 767 
232 238 
884 211 
343 494 
318 249 
816 871 
681 328 
409 809 
872 891 
145 208 
23 567 
787 290 
233 695 
719 137 
401 859 
538 148 
756 417 
463 761 
16 885 
719 404 
874 351 
511 226 
829 394 
361 437 
325 869 
291 866 
516 799 
760 186 
418 384 
65 906 
815 286 
111 542 
721 701 
240 576 
420 246 
728 793 
399 329 
185 522 
633 513 
527 467 
708 849 
655 505 
368 162 
445 429 
491 259 
386 649 
461 464 
214 493 
419 569 
391 824 
761 509 
345 658 
832 309 
862 406 
424 198 
327 677 
111 666 
828 368 
870 718 
353 620 
255 206 
880 381 
584 135 
370 694 
20 402 
622 764 
353 808 
414 208 
845 661 
554 798 
569 733 
305 765 
337 330 
507 686 
878 390 
473 884 
72 250 
321 126 
43 598 
748 334 
801 798 
192 771 
242 194 
812 797 
663 439 
261 574 
720 744 
385 244 
172 146 
169 196 
534 697 
88 777 
467 419 
351 577 
757 183 
797 877 
375 468 
617 660 
68 688 
485 763 
699 726 
437 373 
94 735 
381 617 
495 407 
97 276 
232 753 
416 510 
560 416 
865 648 
647 457 
212 825 
248 848 
112 433 
730 616 
704 736 
124 206 
753 885 
436 586 
709 682 
157 389 
741 171 
80 872 
745 373 
136 628 
738 347 
869 621 
846 856 
251 331 
214 678 
28 559 
314 363 
532 597 
595 167 
107 425 
679 649 
14 667 
310 816 
789 361 
83 501 
263 284 
750 133 
551 879 
154 833 
459 353 
563 232 
634 213 
295 137 
418 303 
38 466 
666 413 
137 402 
42 395 
432 293 
852 480 
798 590 
117 901 
459 515 
740 572 
819 278 
637 147 
466 297 
732 751 
342 415 
124 784 
455 642 
447 456 
252 736 
389 721 
361 852 
547 296 
260 425 
303 624 
681 265 
681 363 
715 581 
786 699 
186 902 
416 572 
573 177 
258 658 
111 226 
662 322 
234 424 
87 465 
764 318 
795 391 
339 818 
215 543 
615 285 
424 871 
687 662 
416 604 
634 307 
750 554 
153 205 
400 163 
185 399 
544 253 
17 388 
56 172 
614 338 
585 709 
730 438 
754 298 
477 618 
12 835 
294 813 
510 131 
41 675 
299 851 
173 757 
114 557 
542 745 
694 839 
70 387 
121 313 
690 434 
110 341 
288 734 
670 454 
516 269 
402 705 
458 403 
210 662 
76 380 
349 418 
865 587 
524 367 
778 645 
180 539 
749 290 
881 618 
664 334 
455 841 
636 844 
498 879 
279 259 
742 655 
284 493 
585 199 
242 890 
834 870 
179 453 
727 496 
172 902 
278 204 
557 748 
264 376 
54 241 
646 610 
317 587 
623 658 
516 761 
683 753 
222 689 
508 201 
107 815 
352 743 
296 768 
284 826 
151 349 
170 537 
501 712 
401 252 
503 204 
26 883 
95 825 
197 882 
488 527 
759 513 
621 261 
523 869 
206 632 
363 804 
426 140 
320 358 
865 347 
65 445 
273 668 
133 857 
294 419 
377 123 
158 569 
349 889 
495 714 
136 387 
849 176 
624 510 
314 556 
598 282 
414 231 
98 430 
757 395 
549 883 
595 818 
587 394 
499 383 
59 540 
578 382 
83 908 
298 504 
401 530 
843 625 
674 348 
485 428 
678 337 
663 516 
651 883 
597 502 
663 433 
664 795 
861 630 
686 604 
292 589 
678 672 
550 155 
558 466 
595 316 
449 184 
155 332 
138 540 
615 131 
82 681 
126 826 
371 840 
83 576 
819 160 
102 486 
30 835 
674 609 
733 247 
464 357 
647 694 
289 264 
492 583 
812 350 
626 510 
781 639 
289 340 
476 448 
477 398 
784 889 
544 690 
398 181 
61 125 
370 706 
768 799 
559 716 
57 195 
416 845 
641 821 
529 748 
819 135 
755 596 
689 526 
550 515 
263 141 
59 342 
693 454 
470 816 
877 559 
590 196 
715 258 
88 539 
469 752 
670 477 
205 252 
281 192 
673 300 
606 508 
172 691 
433 610 
86 501 
23 523 
605 722 
575 393 
373 148 
155 713 
218 361 
333 504 
405 710 
578 359 
675 680 
675 209 
368 198 
615 266 
341 200 
324 195 
321 288 
556 516 
188 516 
313 751 
508 358 
430 315 
369 790 
193 291 
547 660 
732 137 
103 847 
166 780 
593 695 
360 408 
611 382 
711 455 
380 166 
639 140 
302 740 
219 591 
202 814 
316 676 
501 584 
125 779 
61 876 
742 659 
737 893 
291 842 
470 173 
738 556 
685 312 
794 870 
52 842 
722 805 
290 360 
820 753 
371 375 
719 453 
117 469 
84 277 
174 607 
874 356 
514 849 
146 376 
290 521 
846 436 
237 803 
820 170 
102 376 
867 515 
388 830 
541 370 
419 771 
671 624 
885 128 
371 274 
361 311 
750 309 
576 688 
641 255 
253 476 
313 902 
156 842 
436 213 
580 893 
306 814 
19 856 
768 602 
12 867 
632 556 
99 200 
428 590 
721 305 
425 530 
547 829 
635 276 
457 321 
72 272 
862 709 
219 455 
592 859 
883 213 
153 527 
399 244 
120 900 
410 462 
506 475 
644 857 
797 796 
121 633 
39 232 
49 618 
793 160 
458 176 
594 235 
126 545 
860 760 
270 882 
565 432 
527 754 
480 386 
869 492 
556 328 
687 888 
487 409 
601 437 
653 504 
63 440 
736 405 
698 779 
856 893 
113 193 
614 542 
17 228 
141 275 
77 366 
830 659 
388 769 
363 280 
643 185 
96 851 
417 576 
675 537 
360 479 
658 492 
338 827 
663 256 
826 726 
491 569 
53 233 
736 397 
33 751 
424 717 
548 902 
277 450 
110 146 
340 570 
163 730 
663 598 
331 509 
362 541 
740 163 
777 830 
467 455 
883 703 
680 702 
306 547 
782 229 
484 247 
298 320 
426 679 
483 473 
283 835 
253 415 
825 486 
172 211 
35 334 
686 683 
76 508 
861 236 
454 686 
174 385 
159 851 
579 556 
191 592 
185 656 
65 203 
731 193 
94 405 
74 544 
349 392 
887 777 
508 374 
853 749 
323 673 
323 168 
283 782 
317 266 
542 413 
742 806 
553 172 
698 349 
67 664 
314 272 
625 396 
737 420 
860 431 
139 759 
486 731 
164 548 
42 166 
366 837 
640 128 
425 655 
360 784 
387 406 
259 596 
312 191 
418 543 
144 403 
363 540 
491 572 
669 879 
495 636 
403 512 
744 302 
802 759 
119 886 
574 701 
221 289 
184 276 
627 902 
474 310 
425 606 
38 416 
409 252 
798 291 
97 787 
310 229 
835 854 
32 681 
815 679 
286 355 
749 401 
259 380 
574 216 
360 245 
234 787 
45 684 
199 254 
577 861 
141 130 
856 191 
179 396 
486 800 
660 407 
191 480 
701 208 
314 325 
118 352 
325 159 
56 220 
674 159 
868 591 
297 860 
459 403 
148 211 
462 161 
186 696 
75 854 
128 667 
539 650 
115 421 
713 442 
27 328 
42 311 
871 221 
386 523 
44 399 
170 469 
225 432 
872 268 
578 651 
466 291 
448 232 
785 517 
57 866 
812 506 
777 886 
826 493 
260 602 
197 546 
55 196 
581 449 
49 256 
666 313 
729 249 
304 578 
469 657 
851 308 
659 474 
273 648 
866 452 
546 300 
514 175 
612 225 
145 458 
686 460 
172 700 
525 494 
799 286 
151 505 
325 648 
739 281 
573 811 
491 654 
515 660 
162 298 
630 529 
621 138 
552 652 
699 341 
514 780 
555 623 
249 169 
563 511 
743 783 
480 235 
826 572 
643 410 
97 351 
536 742 
679 825 
774 597 
754 498 
51 132 
224 343 
785 333 
608 905 
204 278 
324 146 
685 774 
570 278 
607 821 
548 771 
391 306 
857 755 
346 607 
666 548 
442 222 
420 398 
324 270 
284 458 
163 325 
353 419 
529 510 
791 651 
216 740 
543 752 
353 638 
546 866 
824 320 
713 452 
535 488 
196 205 
704 905 
819 309 
609 590 
609 638 
775 203 
797 777 
419 481 
114 456 
854 816 
807 470 
528 406 
116 858 
352 244 
428 512 
113 769 
645 302 
588 566 
318 523 
164 624 
751 545 
102 691 
716 786 
732 424 
197 467 
836 125 
390 768 
829 347 
622 902 
424 223 
848 570 
146 591 
134 339 
555 729 
404 386 
160 496 
131 641 
867 713 
699 433 
151 743 
214 450 
112 697 
564 644 
199 131 
26 882 
708 248 
508 591 
273 397 
629 855 
443 652 
327 154 
661 246 
213 409 
87 681 
156 169 
589 602 
313 752 
631 297 
423 417 
536 630 
801 414 
104 824 
879 576 
424 395 
553 808 
446 746 
510 670 
120 616 
231 810 
415 781 
409 795 
415 843 
486 755 
72 232 
657 414 
398 145 
66 600 
364 292 
228 651 
50 281 
695 209 
443 494 
643 878 
708 817 
734 866 
42 340 
600 268 
337 883 
592 383 
159 256 
675 836 
611 484 
716 616 
158 286 
235 323 
507 799 
620 839 
39 270 
293 462 
350 292 
651 359 
642 664 
814 274 
809 897 
477 335 
251 699 
613 413 
365 281 
310 419 
747 756 
80 765 
824 134 
108 908 
176 608 
391 737 
208 773 
575 391 
765 184 
609 257 
83 182 
446 307 
711 622 
852 138 
861 209 
689 315 
180 158 
766 195 
250 371 
647 328 
623 547 
301 738 
552 621 
461 816 
737 654 
795 745 
62 524 
242 576 
205 232 
630 895 
729 516 
579 252 
561 764 
693 598 
692 796 
18 574 
851 851 
51 337 
852 515 
625 751 
363 300 
314 864 
566 222 
547 430 
124 214 
310 526 
401 610 
543 251 
138 871 
553 183 
741 249 
50 298 
240 530 
593 645 
269 247 
586 688 
235 566 
406 617 
806 666 
45 487 
35 832 
255 857 
24 651 
746 890 
507 816 
341 477 
343 290 
437 238 
716 655 
764 725 
153 739 
91 695 
723 638 
538 552 
799 819 
55 259 
287 512 
618 781 
765 683 
699 759 
567 417 
425 252 
780 871 
274 773 
105 219 
386 889 
861 198 
870 723 
631 570 
710 215 
465 774 
168 713 
164 835 
720 123 
622 838 
106 704 
56 192 
572 423 
174 292 
804 264 
665 382 
761 329 
448 810 
139 276 
636 402 
413 828 
394 210 
634 536 
715 323 
837 236 
370 400 
431 877 
255 742 
302 516 
62 569 
364 405 
201 792 
158 777 
352 646 
201 656 
494 790 
870 298 
544 713 
228 891 
455 738 
501 658 
788 141 
599 204 
716 908 
252 377 
787 359 
854 888 
213 762 
111 827 
350 391 
643 530 
275 254 
514 641 
614 907 
552 850 
587 732 
366 470 
766 716 
15 217 
338 640 
424 774 
232 622 
586 224 
764 614 
667 865 
50 207 
739 646 
420 296 
493 675 
775 892 
883 535 
879 706 
334 572 
118 140 
723 333 
532 628 
361 639 
330 457 
558 321 
117 374 
113 150 
132 255 
149 289 
886 157 
58 614 
468 162 
52 748 
662 615 
588 763 
651 568 
584 394 
54 676 
728 520 
365 743 
827 664 
107 487 
874 158 
573 856 
139 154 
138 270 
148 523 
486 377 
117 159 
810 264 
400 606 
488 477 
857 887 
710 494 
583 346 
467 322 
30 427 
255 284 
470 811 
400 678 
191 613 
155 593 
492 626 
764 480 
262 822 
94 167 
64 435 
735 502 
781 258 
102 417 
116 306 
679 474 
800 408 
708 565 
235 757 
659 644 
427 265 
115 194 
236 280 
309 537 
358 664 
248 204 
642 594 
692 496 
592 162 
383 316 
144 512 
512 447 
470 407 
118 598 
232 329 
172 222 
372 552 
51 731 
515 337 
762 780 
111 432 
76 174 
466 550 
80 738 
344 443 
548 825 
307 703 
781 334 
184 744 
830 747 
717 634 
424 127 
70 632 
478 864 
183 200 
239 829 
156 316 
396 131 
432 533 
153 437 
596 782 
613 790 
849 209 
720 268 
765 130 
798 886 
150 845 
477 809 
169 344 
462 905 
668 606 
870 435 
56 411 
795 648 
523 681 
353 394 
738 421 
187 622 
832 382 
217 443 
54 766 
109 135 
141 415 
81 361 
13 292 
886 163 
592 287 
286 279 
51 796 
225 503 
810 472 
733 229 
585 155 
731 383 
608 201 
44 695 
743 228 
831 251 
395 235 
850 261 
803 737 
178 270 
213 268 
823 583 
18 336 
186 615 
668 842 
280 560 
620 155 
575 395 
432 628 
362 183 
736 780 
272 358 
577 692 
12 387 
455 289 
679 527 
879 466 
588 481 
148 655 
814 469 
166 400 
541 169 
579 832 
486 156 
824 899 
399 776 
514 805 
288 368 
267 213 
684 213 
147 658 
171 705 
770 696 
704 385 
882 742 
774 523 
210 743 
614 156 
337 501 
580 708 
420 297 
318 367 
692 692 
238 672 
255 737 
153 667 
189 471 
209 193 
740 232 
42 593 
336 292 
574 189 
37 667 
115 683 
760 703 
315 241 
148 563 
19 561 
589 204 
271 619 
527 577 
27 795 
405 333 
716 690 
497 426 
363 799 
356 472 
728 226 
29 193 
115 766 
320 773 
441 355 
412 475 
656 650 
373 222 
626 865 
131 630 
89 707 
805 322 
461 787 
344 753 
608 325 
541 248 
749 823 
85 319 
707 196 
643 670 
221 488 
389 712 
837 284 
584 882 
135 592 
588 483 
32 548 
686 770 
291 799 
666 195 
511 422 
141 535 
818 143 
597 908 
855 793 
270 135 
507 397 
425 879 
771 640 
711 289 
504 160 
479 605 
288 424 
686 503 
99 573 
260 421 
155 786 
651 700 
851 271 
403 513 
392 460 
378 404 
681 740 
148 783 
24 332 
831 685 
323 305 
721 846 
379 726 
539 425 
663 506 
745 753 
548 263 
572 680 
240 736 
701 843 
120 300 
879 127 
662 604 
158 879 
359 842 
563 289 
511 529 
641 735 
595 158 
717 227 
760 467 
240 416 
146 507 
304 123 
259 749 
366 513 
249 286 
530 549 
177 409 
70 687 
766 280 
566 858 
389 184 
332 523 
600 828 
406 638 
107 590 
266 884 
239 223 
863 800 
616 432 
227 881 
70 412 
558 854 
225 145 
699 532 
42 590 
741 866 
685 672 
764 362 
594 213 
242 854 
29 127 
302 746 
735 818 
116 568 
558 532 
429 827 
756 552 
224 624 
396 896 
753 769 
93 235 
217 335 
163 312 
535 466 
364 157 
238 174 
66 345 
318 280 
177 539 
57 486 
433 757 
143 874 
822 668 
75 481 
71 343 
128 339 
794 558 
290 730 
415 216 
186 242 
383 589 
828 303 
620 196 
599 170 
669 677 
312 266 
491 428 
196 432 
479 326 
127 335 
447 622 
62 492 
256 593 
670 510 
833 877 
798 828 
60 814 
139 873 
110 573 
825 204 
175 558 
354 373 
373 870 
451 543 
170 177 
750 325 
181 797 
331 438 
820 885 
149 658 
638 560 
158 130 
786 690 
727 843 
692 506 
716 588 
594 377 
313 124 
93 225 
599 903 
382 404 
538 846 
65 504 
40 664 
651 306 
135 439 
225 482 
461 700 
247 817 
380 510 
337 265 
586 861 
70 132 
679 749 
135 898 
84 790 
532 167 
428 577 
839 207 
263 520 
622 237 
69 626 
40 387 
330 752 
190 143 
882 601 
586 433 
808 310 
271 906 
169 167 
670 784 
271 394 
531 666 
581 867 
255 271 
457 632 
591 419 
196 874 
404 644 
882 856 
17 561 
471 455 
260 592 
609 804 
670 283 
285 190 
687 787 
140 877 
35 800 
184 785 
37 805 
516 439 
516 349 
347 876 
327 612 
296 640 
589 476 
297 240 
826 705 
160 639 
464 874 
125 128 
657 272 
273 401 
334 808 
639 217 
447 678 
656 511 
79 429 
665 480 
705 806 
100 674 
508 274 
356 423 
83 818 
426 826 
618 351 
786 641 
473 804 
748 155 
296 302 
528 513 
446 659 
488 467 
92 484 
281 589 
586 126 
873 645 
434 636 
24 238 
218 589 
152 820 
658 477 
585 809 
777 176 
104 180 
317 581 
597 304 
596 576 
69 402 
710 177 
835 423 
79 713 
294 348 
533 195 
686 863 
117 509 
61 584 
248 817 
379 726 
451 816 
571 717 
771 845 
312 711 
418 652 
837 555 
80 563 
637 778 
100 506 
329 684 
598 572 
165 346 
18 517 
270 527 
528 783 
640 401 
481 234 
528 284 
543 213 
833 574 
878 567 
302 155 
62 568 
157 465 
342 133 
759 635 
850 770 
435 247 
807 371 
790 695 
704 887 
220 426 
237 673 
650 274 
369 164 
830 612 
749 437 
369 320 
543 559 
629 539 
669 394 
298 244 
786 615 
291 124 
788 124 
217 599 
416 374 
581 206 
842 195 
522 794 
879 574 
54 736 
81 246 
36 476 
37 301 
551 343 
527 262 
129 318 
55 723 
194 322 
282 907 
807 719 
505 406 
131 402 
217 265 
462 205 
479 675 
629 309 
27 457 
533 186 
680 259 
427 298 
406 762 
116 644 
633 317 
653 406 
378 347 
393 579 
753 510 
703 599 
835 251 
847 859 
462 205 
346 707 
614 799 
779 265 
744 667 
405 839 
235 438 
392 588 
748 124 
256 839 
409 179 
482 870 
831 859 
605 323 
256 333 
576 895 
525 809 
864 846 
274 554 
30 354 
754 148 
641 710 
873 736 
330 202 
858 752 
651 591 
17 519 
27 479 
532 203 
110 161 
865 843 
286 335 
80 332 
125 148 
698 752 
154 567 
815 540 
346 347 
609 649 
645 610 
43 435 
331 405 
334 335 
872 405 
647 545 
126 721 
140 482 
498 314 
652 696 
540 559 
127 595 
707 423 
269 478 
842 485 
201 564 
818 602 
379 756 
269 813 
856 351 
360 876 
596 244 
611 344 
556 726 
46 399 
204 365 
154 544 
628 544 
53 168 
386 196 
556 223 
854 609 
489 619 
427 291 
160 530 
372 323 
690 784 
355 290 
178 152 
314 645 
23 898 
158 355 
506 829 
695 483 
463 381 
803 510 
142 299 
297 674 
228 558 
737 809 
788 853 
256 168 
551 559 
684 438 
303 334 
301 508 
866 552 
729 347 
593 621 
404 837 
102 755 
548 851 
202 540 
223 431 
42 164 
166 246 
543 831 
214 327 
382 517 
295 561 
369 707 
361 542 
711 391 
512 713 
418 179 
264 474 
28 185 
113 447 
130 524 
884 283 
646 577 
659 164 
821 202 
447 472 
244 901 
361 430 
118 561 
61 154 
284 322 
37 424 
837 490 
572 281 
770 296 
752 261 
62 852 
728 367 
283 719 
369 511 
733 267 
780 500 
338 476 
679 849 
336 363 
65 449 
661 729 
103 817 
368 244 
268 755 
709 686 
818 220 
254 805 
828 240 
838 364 
422 519 
794 581 
453 659 
815 409 
369 168 
344 585 
244 702 
193 350 
408 208 
371 305 
171 781 
169 438 
323 588 
439 434 
49 841 
253 426 
446 676 
453 452 
651 537 
812 517 
16 493 
495 569 
66 877 
263 403 
29 373 
498 507 
494 545 
537 615 
179 247 
749 421 
726 307 
47 521 
213 327 
852 392 
241 695 
357 416 
724 471 
481 857 
320 763 
612 506 
159 814 
773 750 
559 803 
819 165 
191 874 
315 612 
735 293 
870 238 
519 181 
594 331 
414 784 
673 137 
276 591 
401 677 
370 714 
602 164 
28 656 
531 174 
282 739 
106 584 
207 572 
170 868 
439 789 
104 731 
358 581 
498 305 
429 668 
75 294 
797 683 
82 673 
269 229 
169 599 
531 211 
233 804 
523 358 
66 637 
108 658 
453 255 
625 284 
854 877 
35 508 
796 304 
120 484 
518 495 
435 429 
866 238 
64 864 
43 789 
516 469 
757 886 
840 269 
549 217 
717 316 
844 833 
340 704 
490 325 
648 180 
497 447 
370 472 
466 291 
396 183 
551 419 
272 225 
96 197 
526 875 
607 767 
458 293 
787 144 
63 702 
681 855 
50 761 
128 291 
671 268 
815 850 
420 540 
319 901 
826 129 
317 231 
244 602 
666 294 
355 370 
609 694 
333 905 
460 518 
624 275 
717 687 
526 626 
413 436 
250 577 
710 893 
721 887 
835 300 
372 789 
241 230 
345 604 
168 542 
84 444 
862 497 
78 534 
731 631 
677 461 
416 304 
197 370 
564 840 
269 485 
465 524 
776 415 
134 462 
356 215 
854 669 
63 461 
183 653 
579 520 
482 714 
272 238 
707 722 
565 737 
316 259 
165 625 
865 514 
59 505 
774 556 
535 321 
764 598 
632 169 
65 601 
544 165 
192 395 
642 477 
561 599 
359 528 
336 273 
297 421 
158 831 
621 876 
245 617 
257 456 
295 775 
400 265 
156 159 
582 714 
200 710 
694 873 
155 811 
414 687 
154 524 
457 805 
477 553 
231 188 
873 333 
438 803 
312 133 
42 596 
836 497 
447 741 
822 155 
562 276 
61 795 
195 829 
496 173 
280 689 
163 405 
797 354 
580 395 
56 416 
660 466 
476 151 
539 153 
51 752 
308 854 
840 551 
569 623 
365 333 
254 436 
194 697 
519 751 
748 551 
560 168 
671 188 
477 693 
190 550 
571 669 
581 217 
840 694 
81 717 
172 136 
183 630 
487 155 
151 250 
765 598 
839 445 
167 407 
439 179 
161 747 
341 784 
310 216 
248 272 
854 495 
463 567 
811 318 
439 810 
814 613 
504 859 
826 476 
515 219 
348 516 
472 482 
539 906 
23 743 
802 673 
687 767 
860 535 
774 635 
238 788 
128 678 
254 546 
504 806 
845 201 
843 787 
443 447 
292 596 
309 129 
86 731 
148 599 
329 363 
130 675 
534 235 
424 643 
300 699 
142 132 
183 211 
652 138 
813 697 
475 355 
506 661 
611 163 
181 225 
602 409 
549 573 
34 891 
172 353 
58 140 
811 850 
487 704 
493 674 
320 200 
682 760 
452 362 
683 709 
440 614 
318 766 
459 701 
751 714 
732 407 
284 577 
342 297 
586 552 
819 378 
232 866 
105 624 
716 378 
182 499 
178 408 
490 268 
35 825 
522 560 
761 904 
817 655 
207 430 
101 194 
219 834 
35 411 
192 574 
367 461 
634 331 
498 267 
246 755 
653 307 
663 874 
634 353 
545 317 
140 191 
302 634 
106 128 
103 768 
88 545 
875 844 
476 276 
18 205 
840 145 
96 669 
215 891 
798 425 
423 275 
175 248 
64 685 
685 787 
190 646 
510 581 
844 560 
160 741 
283 240 
404 521 
574 291 
76 499 
731 907 
656 881 
171 280 
286 685 
513 678 
123 428 
529 743 
130 698 
268 311 
671 623 
601 702 
825 435 
646 624 
116 318 
123 141 
539 597 
329 845 
272 135 
247 843 
442 139 
367 212 
117 557 
721 242 
395 804 
803 608 
882 283 
678 466 
761 326 
224 520 
450 464 
726 320 
550 570 
397 213 
27 749 
161 770 
184 651 
382 315 
205 396 
465 537 
565 756 
447 302 
269 143 
750 217 
355 317 
688 758 
101 259 
574 702 
373 703 
562 779 
88 832 
217 414 
31 204 
799 765 
174 145 
185 646 
745 521 
90 400 
538 561 
825 378 
594 614 
170 133 
831 674 
695 161 
189 610 
76 502 
452 162 
206 199 
240 504 
376 598 
482 726 
242 796 
850 652 
714 771 
521 287 
446 165 
649 359 
284 620 
709 778 
281 869 
141 581 
832 890 
875 361 
733 355 
824 127 
311 361 
451 656 
129 174 
234 427 
854 595 
288 169 
652 460 
696 703 
322 807 
695 335 
776 143 
310 721 
518 904 
243 582 
773 408 
265 271 
845 808 
110 785 
182 309 
598 787 
448 785 
548 123 
296 730 
508 399 
247 367 
570 886 
820 895 
228 789 
846 364 
494 332 
578 154 
608 400 
516 791 
609 804 
410 471 
823 464 
566 221 
431 175 
781 659 
261 161 
616 168 
523 395 
800 728 
111 537 
262 630 
861 723 
712 332 
475 606 
91 768 
708 683 
765 674 
709 168 
191 579 
98 705 
552 564 
780 337 
846 387 
817 255 
527 377 
580 667 
881 521 
718 250 
247 187 
418 436 
443 725 
189 653 
822 325 
135 768 
818 810 
766 216 
816 413 
443 166 
446 531 
29 375 
92 859 
544 374 
264 891 
163 692 
620 726 
198 892 
748 706 
175 539 
65 440 
179 795 
200 454 
727 684 
88 423 
584 127 
643 530 
856 322 
879 789 
181 442 
827 567 
127 832 
841 722 
723 818 
61 557 
755 519 
865 338 
358 707 
660 398 
555 905 
468 314 
631 236 
532 780 
318 693 
484 886 
151 538 
499 329 
662 420 
260 768 
834 154 
448 669 
103 782 
429 847 
851 258 
327 167 
310 526 
757 270 
378 571 
592 166 
866 693 
852 858 
859 579 
76 275 
597 313 
503 310 
881 442 
617 385 
169 845 
794 387 
40 151 
331 341 
389 281 
639 285 
850 520 
245 189 
212 362 
638 504 
353 309 
497 399 
398 282 
546 334 
424 548 
735 408 
422 411 
86 571 
248 210 
160 484 
285 382 
185 603 
810 865 
448 575 
616 699 
874 628 
580 718 
392 489 
536 197 
161 584 
881 402 
594 212 
331 647 
237 234 
753 154 
872 608 
852 347 
339 698 
576 862 
589 899 
86 426 
634 643 
123 229 
425 218 
436 815 
92 430 
263 654 
217 889 
147 671 
521 632 
200 701 
412 221 
664 124 
619 719 
318 652 
597 221 
836 820 
727 296 
729 457 
399 734 
210 176 
78 163 
266 652 
108 591 
406 249 
95 609 
804 136 
438 857 
606 609 
304 891 
431 482 
109 412 
36 837 
439 424 
152 469 
402 239 
417 382 
184 721 
740 314 
446 817 
579 608 
224 372 
396 330 
755 649 
193 478 
706 273 
433 726 
103 722 
123 639 
583 144 
728 764 
294 613 
246 431 
302 640 
119 719 
297 167 
637 171 
293 530 
841 227 
507 299 
272 392 
438 526 
193 902 
214 755 
432 468 
816 323 
255 529 
778 838 
60 343 
836 165 
300 223 
842 448 
436 903 
750 540 
348 616 
215 309 
635 656 
673 201 
850 157 
492 773 
157 315 
39 703 
322 892 
262 650 
678 307 
219 357 
704 392 
696 555 
669 643 
13 899 
868 393 
110 742 
537 503 
803 681 
144 758 
834 130 
816 624 
370 763 
471 849 
301 826 
202 301 
599 532 
362 462 
827 462 
338 256 
521 439 
725 629 
305 172 
196 583 
247 251 
615 380 
865 474 
427 860 
474 595 
647 724 
519 539 
76 677 
537 193 
886 231 
817 705 
109 862 
334 782 
183 384 
570 296 
835 266 
635 767 
370 573 
786 896 
640 553 
475 430 
507 599 
609 376 
585 499 
677 490 
107 856 
599 463 
738 798 
399 496 
352 258 
648 222 
258 198 
233 416 
687 690 
206 278 
751 491 
211 194 
716 137 
54 440 
439 385 
108 613 
699 584 
110 246 
420 381 
262 251 
259 779 
431 809 
665 308 
803 207 
156 224 
276 701 
731 440 
379 665 
655 710 
85 459 
205 495 
112 409 
249 208 
553 149 
389 242 
790 487 
197 505 
514 457 
667 594 
119 670 
799 396 
511 393 
230 339 
314 258 
364 623 
760 218 
510 249 
254 270 
751 142 
209 691 
403 851 
261 265 
126 148 
243 242 
873 633 
88 421 
105 357 
230 710 
838 732 
876 605 
861 545 
552 546 
105 311 
34 497 
393 881 
469 869 
592 827 
745 761 
853 317 
859 577 
698 774 
426 438 
327 672 
794 687 
550 189 
272 832 
27 575 
118 775 
410 267 
28 585 
620 134 
72 553 
575 262 
402 796 
585 776 
183 774 
681 445 
558 355 
47 819 
646 594 
619 394 
788 203 
523 477 
694 715 
406 323 
518 352 
876 827 
143 278 
188 279 
784 528 
279 521 
529 279 
358 188 
749 156 
36 136 
658 476 
786 249 
341 359 
256 516 
148 329 
845 447 
469 156 
36 832 
769 437 
815 368 
654 639 
425 728 
835 714 
742 799 
844 769 
575 879 
781 711 
544 783 
576 327 
369 217 
243 598 
170 197 
224 797 
105 834 
395 213 
451 660 
487 165 
704 231 
440 363 
194 223 
129 424 
75 851 
35 304 
813 678 
200 607 
115 534 
561 418 
503 819 
148 220 
867 124 
569 143 
64 145 
667 231 
542 834 
118 265 
863 200 
286 233 
506 684 
338 746 
589 815 
97 717 
329 632 
338 539 
533 411 
789 777 
377 838 
315 564 
887 875 
865 605 
869 648 
378 839 
579 419 
267 360 
642 870 
876 140 
491 532 
407 707 
412 452 
124 288 
579 465 
818 257 
745 846 
485 745 
587 475 
658 317 
806 294 
476 432 
173 302 
66 662 
128 357 
518 130 
695 905 
787 127 
143 543 
833 294 
606 340 
767 770 
380 618 
271 580 
199 153 
19 676 
747 127 
862 791 
327 745 
516 847 
650 329 
423 465 
740 674 
358 665 
335 252 
695 684 
747 755 
456 638 
311 256 
875 526 
745 189 
296 887 
478 370 
885 777 
867 420 
610 691 
339 274 
460 457 
148 207 
436 238 
481 540 
464 697 
189 449 
260 342 
428 628 
100 360 
809 529 
262 779 
27 214 
566 488 
760 853 
885 242 
681 794 
651 149 
635 280 
93 705 
122 555 
249 189 
566 812 
777 569 
424 644 
640 730 
621 251 
117 146 
261 738 
16 344 
331 658 
284 392 
718 531 
55 126 
803 173 
373 491 
362 307 
18 192 
787 856 
395 246 
144 150 
41 346 
717 159 
762 897 
190 757 
471 548 
459 687 
314 154 
780 726 
742 888 
174 757 
413 873 
518 132 
813 257 
574 286 
113 161 
716 725 
832 483 
537 245 
316 628 
277 695 
28 491 
632 190 
694 273 
368 171 
591 675 
148 214 
427 452 
784 287 
137 580 
613 857 
549 655 
629 494 
100 527 
572 191 
673 202 
860 404 
57 727 
700 584 
500 370 
660 235 
391 143 
569 653 
515 826 
531 563 
308 373 
251 607 
686 277 
711 625 
826 686 
859 818 
36 162 
104 827 
240 676 
193 749 
86 626 
304 150 
702 678 
76 624 
699 604 
342 198 
839 668 
337 851 
253 752 
784 608 
236 752 
790 400 
391 321 
591 278 
479 697 
719 502 
110 871 
699 167 
677 316 
809 341 
470 824 
856 356 
524 590 
431 510 
146 757 
68 468 
763 217 
880 497 
225 154 
257 395 
159 662 
50 648 
213 410 
737 755 
612 852 
171 891 
602 496 
555 456 
124 528 
684 902 
107 544 
878 867 
83 297 
805 159 
257 213 
361 561 
819 312 
34 867 
248 484 
703 693 
790 793 
106 686 
681 904 
116 448 
428 567 
424 404 
25 393 
754 332 
88 710 
641 400 
525 291 
110 658 
501 631 
589 570 
831 435 
81 125 
638 134 
611 590 
197 812 
29 158 
875 462 
509 550 
844 294 
666 405 
726 218 
626 786 
214 227 
500 358 
796 257 
813 832 
854 651 
277 380 
430 241 
148 684 
87 868 
600 492 
287 264 
76 646 
276 383 
535 421 
829 316 
158 756 
61 325 
539 260 
220 503 
389 520 
150 123 
780 413 
27 329 
555 663 
146 799 
165 202 
169 656 
36 867 
331 758 
796 886 
205 169 
676 863 
85 816 
780 722 
471 290 
468 161 
615 601 
550 423 
341 131 
721 202 
474 701 
576 452 
476 511 
437 456 
531 667 
748 803 
660 258 
351 190 
544 864 
139 867 
512 614 
110 426 
328 447 
242 220 
854 396 
504 753 
321 471 
444 128 
472 198 
385 710 
587 386 
212 561 
462 854 
205 578 
782 123 
495 545 
300 146 
585 413 
353 680 
645 417 
570 300 
700 247 
133 449 
777 612 
190 605 
80 372 
200 895 
237 495 
819 144 
141 354 
135 591 
183 250 
329 730 
103 576 
684 541 
55 160 
677 236 
359 871 
372 813 
763 193 
771 479 
427 870 
792 744 
105 797 
148 512 
501 800 
539 124 
67 686 
542 173 
24 323 
575 328 
385 815 
490 535 
227 895 
353 457 
204 441 
306 513 
567 770 
645 349 
875 604 
267 791 
732 424 
841 128 
148 628 
318 445 
206 276 
783 294 
617 196 
116 451 
40 638 
307 653 
65 304 
224 849 
492 482 
344 714 
442 519 
648 564 
767 494 
446 126 
469 239 
175 534 
437 589 
354 852 
135 903 
371 350 
287 285 
644 293 
72 229 
332 523 
518 800 
404 657 
69 417 
607 335 
137 373 
531 879 
598 277 
369 773 
444 701 
255 510 
542 615 
411 419 
653 324 
838 350 
703 314 
69 124 
320 170 
654 906 
305 862 
573 744 
219 561 
705 707 
22 710 
326 563 
271 792 
701 688 
555 393 
115 767 
639 279 
713 516 
597 450 
160 566 
36 667 
654 853 
856 786 
133 838 
543 893 
673 644 
385 312 
379 687 
52 739 
818 585 
357 556 
596 309 
667 143 
811 287 
873 325 
653 858 
258 398 
31 595 
746 195 
402 204 
351 652 
326 365 
855 514 
433 142 
258 888 
863 846 
656 539 
391 739 
674 454 
184 134 
647 739 
360 630 
357 377 
800 781 
780 719 
865 906 
181 293 
648 409 
61 784 
724 134 
236 138 
590 403 
75 209 
120 618 
349 242 
200 301 
799 604 
373 577 
301 216 
164 412 
279 403 
425 780 
694 264 
845 362 
626 600 
731 407 
185 722 
226 675 
467 812 
358 453 
308 505 
592 894 
159 145 
167 163 
611 503 
630 156 
142 740 
132 861 
600 584 
371 125 
451 179 
560 397 
20 201 
812 692 
789 439 
84 140 
769 359 
108 127 
682 193 
477 511 
264 498 
89 461 
66 462 
282 715 
546 218 
364 304 
228 231 
105 545 
798 247 
391 691 
560 842 
589 876 
192 339 
162 565 
322 540 
72 473 
526 602 
340 349 
38 715 
38 570 
55 763 
362 190 
106 835 
187 271 
734 832 
396 227 
402 267 
528 163 
156 567 
817 769 
109 664 
720 218 
139 635 
883 790 
154 490 
418 356 
671 308 
149 306 
597 141 
461 284 
571 399 
221 321 
624 474 
608 517 
787 858 
38 221 
527 201 
619 463 
290 251 
191 645 
327 673 
309 453 
739 407 
555 583 
451 582 
571 767 
655 237 
468 506 
322 432 
531 212 
714 368 
786 486 
107 518 
379 650 
812 262 
497 756 
837 755 
610 775 
45 428 
816 571 
86 298 
298 850 
83 500 
492 892 
624 438 
295 681 
372 398 
176 234 
82 576 
224 145 
782 638 
506 246 
876 571 
223 630 
445 452 
197 869 
330 612 
621 145 
42 749 
167 903 
609 601 
785 853 
15 826 
809 761 
296 831 
648 314 
795 267 
602 150 
434 827 
496 697 
337 840 
192 489 
845 558 
430 638 
399 516 
334 568 
716 414 
771 176 
292 195 
793 315 
210 303 
447 169 
192 435 
581 654 
348 745 
595 214 
551 590 
133 325 
72 182 
188 529 
817 579 
569 276 
729 191 
168 692 
824 249 
81 658 
876 496 
513 367 
359 791 
475 266 
384 831 
480 409 
329 429 
236 243 
525 157 
530 169 
602 328 
779 188 
343 157 
824 550 
382 747 
366 203 
523 894 
798 247 
186 837 
369 895 
508 238 
854 377 
503 884 
588 138 
295 251 
583 637 
429 398 
133 743 
783 565 
103 592 
76 575 
19 228 
437 224 
829 428 
255 233 
850 803 
211 687 
382 784 
699 659 
832 300 
868 474 
673 734 
374 621 
541 672 
544 443 
794 557 
202 132 
567 161 
103 905 
43 277 
190 372 
210 855 
194 719 
773 318 
34 234 
360 747 
616 800 
671 440 
312 631 
620 667 
637 836 
257 552 
132 869 
519 184 
125 162 
558 586 
804 787 
65 453 
401 367 
364 172 
347 235 
686 169 
538 860 
735 517 
166 180 
486 240 
366 482 
682 844 
348 365 
390 414 
545 349 
136 306 
189 901 
820 717 
696 777 
373 729 
380 268 
788 507 
13 366 
548 680 
474 682 
330 808 
558 571 
120 189 
426 367 
159 708 
807 849 
485 313 
722 234 
58 305 
85 378 
366 882 
839 791 
164 621 
581 887 
687 163 
219 294 
369 793 
809 310 
464 661 
347 445 
679 639 
268 843 
622 331 
373 441 
312 161 
152 130 
580 712 
613 507 
623 152 
804 321 
723 637 
799 531 
582 339 
53 485 
748 763 
142 429 
335 297 
496 814 
748 823 
678 896 
108 149 
520 887 
601 420 
780 267 
800 862 
130 132 
821 848 
211 602 
749 363 
353 247 
629 491 
830 203 
254 421 
85 262 
668 746 
276 688 
373 257 
813 615 
401 643 
102 495 
515 329 
321 677 
817 536 
335 424 
453 839 
93 485 
532 206 
518 178 
153 179 
878 331 
715 843 
71 666 
114 653 
535 636 
382 623 
189 874 
218 218 
705 589 
392 903 
815 512 
201 143 
708 746 
611 159 
300 621 
302 609 
58 895 
496 816 
887 625 
670 129 
782 839 
840 852 
730 564 
830 152 
307 283 
72 625 
848 472 
502 653 
354 376 
686 602 
349 782 
305 409 
787 337 
761 525 
192 768 
124 683 
696 266 
726 209 
804 279 
149 442 
375 662 
705 218 
718 694 
683 426 
224 142 
200 526 
262 698 
329 674 
655 620 
627 857 
426 327 
602 283 
497 749 
144 282 
481 885 
884 451 
171 650 
859 369 
700 399 
435 873 
247 668 
845 325 
796 408 
31 475 
738 672 
204 489 
759 545 
191 837 
39 510 
153 397 
853 302 
156 230 
530 376 
695 369 
769 639 
58 561 
545 714 
874 346 
550 345 
389 223 
37 212 
357 475 
180 731 
524 126 
231 890 
395 710 
494 230 
14 217 
654 398 
466 226 
311 287 
343 803 
207 133 
669 197 
596 430 
258 354 
124 378 
517 259 
819 214 
179 824 
498 553 
40 369 
213 547 
796 234 
679 417 
194 841 
566 493 
318 164 
228 466 
619 749 
518 813 
545 398 
841 391 
603 374 
575 288 
308 168 
445 805 
537 870 
626 754 
874 370 
499 424 
767 334 
387 528 
310 402 
544 505 
527 350 
280 713 
746 582 
606 650 
378 168 
36 227 
726 239 
690 504 
489 843 
500 286 
217 502 
644 483 
228 486 
541 193 
118 865 
816 498 
313 475 
189 822 
690 774 
620 873 
756 870 
843 523 
795 592 
341 691 
446 758 
551 708 
312 147 
428 169 
699 276 
427 767 
527 706 
243 429 
244 550 
111 313 
884 397 
782 340 
737 746 
719 449 
755 350 
720 448 
682 576 
644 828 
63 421 
883 602 
822 219 
53 698 
458 707 
402 567 
385 838 
416 655 
593 139 
815 175 
728 317 
198 298 
499 223 
20 235 
662 361 
649 768 
517 519 
836 740 
439 412 
592 124 
842 239 
379 450 
856 816 
401 372 
773 173 
116 700 
347 417 
320 403 
273 203 
500 300 
353 160 
132 207 
846 898 
113 278 
330 844 
654 503 
172 338 
304 221 
300 532 
689 182 
86 386 
787 442 
160 340 
627 304 
796 729 
148 354 
749 131 
799 428 
289 367 
784 413 
89 353 
572 354 
67 343 
69 304 
54 814 
221 827 
36 615 
229 463 
19 587 
285 744 
456 616 
436 279 
62 518 
705 636 
51 273 
627 556 
524 825 
58 163 
548 345 
615 503 
235 599 
398 818 
624 286 
692 243 
832 908 
807 649 
191 545 
398 346 
383 495 
260 808 
498 891 
800 239 
868 733 
394 171 
334 129 
799 296 
626 478 
189 402 
297 470 
367 884 
70 877 
13 576 
322 535 
170 173 
296 378 
489 257 
99 404 
596 272 
51 158 
287 275 
473 363 
611 260 
756 545 
822 852 
461 166 
654 853 
268 556 
449 153 
735 825 
644 194 
399 152 
605 145 
634 207 
813 153 
665 491 
420 683 
91 258 
709 556 
304 465 
680 678 
625 831 
385 534 
473 248 
832 552 
803 645 
144 335 
514 457 
172 213 
424 142 
306 660 
865 439 
699 747 
230 745 
275 747 
536 398 
387 301 
761 630 
527 290 
648 768 
348 410 
740 847 
557 285 
590 870 
874 813 
494 510 
883 504 
379 889 
220 892 
19 228 
799 132 
231 738 
497 315 
124 128 
699 719 
288 706 
127 783 
12 733 
754 131 
761 426 
397 688 
714 891 
826 730 
767 903 
175 703 
14 549 
689 618 
633 528 
585 728 
684 398 
877 411 
804 249 
473 717 
728 336 
199 658 
192 267 
80 543 
348 212 
780 612 
117 184 
373 320 
709 224 
600 480 
722 731 
264 267 
67 729 
850 292 
310 732 
468 820 
763 332 
432 676 
611 898 
642 602 
460 567 
855 298 
281 203 
365 343 
455 416 
497 824 
55 891 
179 335 
376 229 
650 671 
565 497 
505 875 
565 257 
188 673 
231 845 
39 338 
156 163 
48 236 
287 500 
775 439 
159 262 
392 523 
815 814 
869 846 
689 346 
657 464 
541 296 
487 531 
881 564 
754 567 
285 152 
275 894 
160 786 
534 328 
85 569 
537 277 
487 890 
114 457 
589 518 
397 421 
406 893 
129 180 
689 684 
525 601 
640 760 
278 731 
853 532 
147 474 
225 829 
808 679 
772 428 
518 702 
179 215 
157 697 
396 135 
518 857 
648 849 
222 291 
613 208 
812 854 
807 134 
83 341 
424 498 
837 844 
569 862 
615 412 
18 152 
196 282 
546 732 
313 747 
255 157 
216 754 
260 315 
145 226 
842 797 
30 738 
829 339 
597 456 
309 753 
375 237 
107 897 
691 192 
28 608 
547 277 
20 699 
296 666 
164 315 
526 335 
299 139 
645 800 
102 487 
386 326 
446 690 
348 522 
321 156 
105 345 
494 253 
777 577 
771 257 
752 660 
657 737 
106 672 
32 819 
594 142 
344 414 
820 353 
695 153 
725 586 
661 321 
676 359 
577 712 
758 390 
665 487 
373 285 
148 280 
391 560 
337 744 
99 143 
170 300 
49 595 
712 873 
617 475 
856 487 
761 729 
628 229 
404 531 
123 252 
181 366 
295 748 
697 728 
720 856 
29 905 
58 581 
208 837 
477 192 
707 454 
783 841 
809 551 
570 450 
494 596 
37 827 
309 479 
533 907 
297 663 
393 356 
52 757 
864 354 
384 485 
741 383 
807 675 
197 429 
619 886 
434 518 
525 671 
596 390 
107 892 
81 467 
141 370 
563 676 
223 317 
214 498 
850 703 
580 809 
780 646 
866 184 
443 627 
697 124 
517 742 
88 623 
40 855 
225 754 
665 303 
220 791 
577 670 
25 166 
211 572 
116 535 
97 376 
768 537 
230 210 
61 803 
603 580 
517 409 
54 828 
634 809 
637 904 
466 717 
821 459 
12 740 
817 263 
672 189 
809 815 
562 584 
265 128 
257 673 
870 301 
826 820 
425 476 
189 277 
420 334 
798 274 
770 709 
571 518 
730 572 
586 756 
277 623 
740 530 
827 129 
466 303 
537 694 
368 640 
389 525 
476 336 
441 362 
643 378 
576 544 
698 393 
42 888 
534 881 
633 629 
484 755 
851 657 
161 365 
430 472 
366 303 
698 504 
847 221 
709 463 
375 504 
201 415 
484 767 
671 394 
288 672 
356 531 
526 816 
415 479 
64 873 
138 144 
848 781 
201 365 
316 242 
729 487 
767 758 
392 665 
186 234 
64 217 
411 899 
633 235 
797 753 
302 412 
451 786 
805 428 
763 886 
397 570 
292 835 
162 825 
277 664 
244 800 
234 721 
91 757 
270 219 
747 816 
548 445 
161 362 
274 291 
833 841 
529 525 
21 810 
486 701 
240 767 
364 775 
734 687 
642 178 
467 535 
87 625 
645 714 
62 727 
695 821 
368 269 
120 830 
668 818 
717 883 
495 613 
703 442 
505 746 
231 524 
694 861 
291 235 
725 771 
684 797 
357 522 
826 314 
317 330 
686 881 
281 393 
109 405 
231 655 
52 627 
344 654 
180 256 
170 738 
191 195 
157 851 
104 711 
21 460 
475 693 
590 308 
453 305 
726 216 
682 882 
417 570 
429 279 
89 248 
155 566 
276 836 
631 762 
710 849 
91 847 
84 647 
530 610 
333 354 
707 548 
210 384 
43 559 
204 498 
108 455 
556 802 
50 766 
367 500 
427 812 
196 615 
746 584 
352 205 
555 451 
690 276 
198 418 
563 824 
726 552 
846 279 
182 268 
535 227 
145 705 
483 702 
209 539 
57 477 
842 212 
474 599 
508 629 
22 686 
43 901 
621 602 
207 839 
802 745 
429 708 
176 176 
604 660 
557 558 
583 292 
600 124 
363 136 
209 642 
827 553 
390 390 
858 505 
303 322 
781 499 
798 799 
580 810 
702 802 
846 641 
401 167 
370 241 
363 354 
779 444 
526 610 
93 325 
512 575 
200 567 
159 519 
95 901 
740 553 
734 225 
336 811 
427 584 
228 626 
697 266 
887 600 
367 377 
493 286 
118 278 
762 662 
535 221 
479 340 
81 275 
266 321 
757 161 
92 250 
140 299 
402 281 
247 735 
313 568 
39 560 
484 367 
355 182 
333 618 
777 808 
32 323 
274 190 
520 278 
238 769 
755 888 
264 332 
650 561 
55 659 
320 760 
462 209 
288 468 
307 169 
564 165 
530 748 
484 858 
465 123 
215 260 
684 304 
442 425 
869 382 
389 848 
516 124 
318 590 
872 711 
222 251 
620 351 
616 148 
63 815 
62 132 
241 343 
372 793 
718 230 
225 425 
671 836 
796 853 
336 622 
578 391 
697 399 
772 390 
882 791 
807 490 
853 620 
26 523 
199 197 
857 672 
858 890 
803 252 
596 592 
267 514 
168 773 
712 320 
153 357 
705 601 
90 152 
323 711 
68 492 
71 546 
458 299 
617 221 
410 583 
447 682 
39 431 
134 666 
751 470 
683 525 
245 222 
773 312 
21 801 
29 580 
552 764 
739 357 
572 166 
321 827 
565 431 
160 220 
624 400 
408 160 
638 695 
646 714 
600 466 
213 482 
320 543 
332 126 
629 167 
676 372 
371 457 
273 646 
699 477 
753 733 
312 195 
711 381 
869 715 
71 286 
442 612 
801 649 
519 699 
668 626 
473 385 
837 661 
142 304 
187 342 
833 607 
236 243 
710 535 
392 851 
376 789 
738 570 
128 632 
657 201 
306 717 
393 396 
376 842 
753 346 
841 235 
731 253 
699 499 
845 160 
726 443 
661 263 
544 625 
362 167 
370 419 
69 591 
689 853 
724 369 
88 502 
601 274 
82 247 
662 645 
540 873 
688 667 
476 738 
677 552 
519 861 
851 232 
604 789 
195 573 
218 782 
820 333 
339 816 
684 879 
566 326 
809 736 
236 632 
661 701 
153 738 
228 165 
786 254 
45 331 
148 777 
273 275 
582 608 
199 448 
82 872 
181 698 
468 728 
765 294 
622 417 
464 487 
642 870 
415 228 
70 616 
205 371 
329 355 
66 846 
495 125 
885 372 
157 829 
350 182 
316 460 
884 277 
436 145 
599 702 
820 460 
697 457 
92 837 
162 225 
536 724 
675 398 
274 544 
122 286 
429 824 
626 247 
304 338 
481 243 
288 169 
184 446 
44 337 
564 507 
59 410 
231 587 
538 124 
846 375 
108 654 
411 787 
167 476 
239 327 
320 591 
839 627 
623 249 
24 186 
590 636 
108 377 
649 253 
847 229 
98 709 
208 771 
819 488 
798 540 
788 378 
398 800 
522 860 
24 227 
851 162 
247 839 
87 584 
550 475 
704 517 
660 652 
679 196 
534 294 
489 557 
501 597 
577 670 
448 647 
104 139 
485 761 
831 248 
248 124 
720 702 
753 467 
115 848 
834 180 
434 639 
645 210 
30 574 
102 214 
393 414 
608 636 
374 409 
809 205 
374 803 
760 392 
276 813 
484 321 
284 339 
584 876 
137 575 
874 226 
817 362 
772 524 
294 185 
714 127 
825 395 
131 542 
850 905 
765 597 
706 172 
334 433 
438 365 
191 189 
528 788 
469 351 
98 194 
17 652 
459 659 
234 738 
136 373 
221 689 
743 487 
373 432 
72 438 
154 774 
260 879 
541 455 
654 421 
768 808 
856 568 
629 247 
485 595 
341 179 
784 534 
785 558 
871 642 
663 135 
139 551 
544 195 
647 843 
339 459 
226 235 
78 253 
85 418 
843 326 
296 293 
675 608 
23 317 
505 216 
63 164 
508 217 
770 880 
761 394 
680 166 
469 494 
167 803 
707 804 
161 327 
361 555 
721 578 
843 190 
581 699 
271 619 
438 831 
192 726 
231 869 
523 260 
652 541 
383 469 
753 889 
255 575 
133 762 
401 805 
837 496 
196 293 
748 700 
171 418 
461 527 
714 488 
567 733 
180 813 
78 230 
580 239 
152 202 
534 338 
287 131 
38 457 
533 352 
62 441 
858 295 
216 781 
645 462 
840 467 
178 697 
785 422 
624 642 
323 705 
141 382 
781 890 
30 512 
286 135 
577 201 
86 381 
420 714 
76 261 
631 415 
789 864 
336 316 
287 727 
471 360 
39 516 
510 843 
577 334 
306 239 
600 669 
578 126 
310 240 
559 656 
170 526 
770 703 
470 838 
195 290 
274 856 
484 707 
701 478 
675 405 
262 528 
450 288 
309 147 
102 546 
749 525 
268 480 
615 645 
236 246 
19 179 
380 418 
880 528 
220 393 
454 173 
756 640 
747 240 
367 890 
521 352 
321 491 
354 166 
519 176 
451 569 
66 701 
396 252 
324 844 
657 357 
561 694 
627 830 
596 728 
266 261 
708 900 
688 472 
495 516 
672 643 
819 183 
587 903 
33 345 
30 275 
884 759 
627 453 
806 603 
76 540 
158 154 
312 845 
256 833 
578 709 
372 853 
819 412 
71 865 
723 449 
422 323 
441 267 
252 898 
212 573 
554 314 
817 149 
27 296 
323 674 
377 132 
287 592 
870 699 
378 373 
604 156 
273 595 
593 699 
346 143 
210 856 
252 549 
39 597 
378 300 
651 608 
425 687 
561 383 
828 615 
731 168 
43 726 
453 568 
439 879 
399 743 
206 605 
488 591 
788 137 
120 803 
816 490 
284 268 
100 770 
862 870 
702 640 
621 493 
265 227 
241 136 
858 774 
386 512 
793 288 
482 414 
250 757 
331 501 
449 526 
291 440 
834 764 
364 265 
599 844 
239 666 
554 461 
427 413 
117 279 
477 888 
403 498 
176 779 
689 329 
99 540 
101 272 
189 841 
538 405 
595 674 
712 463 
211 778 
659 148 
208 464 
91 662 
505 157 
651 671 
839 854 
886 519 
155 816 
146 900 
726 394 
342 456 
453 443 
176 590 
157 891 
789 130 
103 419 
168 786 
565 532 
294 220 
124 462 
217 208 
212 134 
451 237 
14 421 
279 365 
501 768 
436 124 
281 543 
216 788 
280 226 
724 390 
49 841 
42 387 
807 297 
725 536 
61 358 
367 149 
258 317 
866 288 
196 768 
669 413 
238 334 
741 820 
497 496 
306 384 
126 199 
508 226 
702 809 
137 487 
234 866 
345 725 
18 227 
226 561 
311 505 
205 142 
709 362 
861 482 
760 337 
246 433 
723 584 
815 414 
55 851 
680 683 
346 899 
172 440 
769 266 
841 262 
578 498 
719 284 
323 146 
744 735 
272 227 
759 849 
496 192 
194 657 
30 573 
541 419 
806 571 
500 357 
252 745 
821 908 
537 421 
280 750 
17 466 
476 781 
396 706 
460 365 
423 806 
481 356 
697 570 
611 634 
465 544 
469 240 
587 628 
328 258 
113 640 
24 844 
408 809 
806 440 
651 702 
422 347 
100 811 
496 800 
574 786 
790 290 
433 629 
778 173 
459 837 
642 747 
689 257 
49 126 
591 644 
494 418 
601 637 
773 787 
487 154 
204 806 
549 306 
766 256 
150 436 
298 908 
555 330 
522 697 
229 355 
532 705 
606 522 
501 754 
878 260 
361 678 
200 891 
635 696 
233 673 
55 869 
13 782 
686 530 
850 531 
663 742 
273 594 
323 887 
253 556 
201 806 
784 883 
528 303 
170 406 
169 901 
803 520 
713 815 
425 387 
291 631 
370 884 
517 461 
741 673 
530 350 
269 716 
865 289 
749 889 
729 810 
241 715 
224 204 
51 568 
437 892 
854 775 
363 740 
699 279 
757 406 
411 606 
193 652 
359 544 
640 620 
49 698 
499 607 
476 464 
235 648 
391 604 
784 373 
769 430 
645 334 
843 646 
499 441 
443 519 
515 562 
127 574 
480 478 
212 289 
772 838 
837 866 
407 248 
404 536 
810 582 
142 221 
18 386 
411 294 
439 316 
452 255 
701 725 
666 464 
223 359 
138 574 
61 615 
603 794 
528 709 
884 572 
658 278 
50 713 
864 322 
659 675 
760 431 
634 674 
229 369 
41 364 
762 163 
360 454 
282 325 
468 604 
196 750 
832 853 
416 745 
440 877 
601 607 
706 743 
339 198 
560 497 
340 847 
511 236 
185 560 
588 384 
609 273 
713 490 
794 726 
582 784 
725 179 
495 224 
726 750 
687 807 
774 364 
698 360 
663 241 
117 838 
357 888 
660 765 
222 134 
837 244 
669 447 
194 651 
328 687 
359 324 
662 759 
666 249 
262 894 
312 155 
650 279 
621 294 
173 232 
220 855 
148 666 
420 241 
294 442 
857 852 
404 464 
639 523 
299 225 
257 476 
325 254 
513 168 
180 641 
95 879 
876 869 
616 300 
543 765 
51 680 
757 448 
409 304 
769 265 
227 240 
789 333 
377 339 
337 469 
213 389 
337 800 
29 730 
593 511 
127 434 
496 456 
423 155 
52 735 
203 726 
294 616 
641 148 
659 247 
140 856 
514 796 
701 384 
807 870 
293 847 
114 575 
441 398 
102 473 
388 540 
352 412 
419 611 
66 389 
561 805 
15 827 
203 346 
850 200 
596 514 
208 856 
688 334 
116 517 
63 683 
652 445 
25 252 
420 373 
702 307 
573 332 
832 792 
523 329 
347 186 
500 623 
562 304 
241 193 
620 278 
359 561 
244 849 
194 652 
362 244 
467 287 
382 475 
150 133 
132 690 
109 174 
143 831 
263 367 
211 518 
697 794 
18 273 
403 885 
168 896 
727 409 
587 598 
376 164 
548 618 
685 583 
203 742 
486 735 
339 826 
81 203 
576 657 
60 748 
455 806 
341 457 
168 603 
460 877 
287 462 
404 131 
581 807 
296 362 
404 378 
224 592 
597 521 
599 627 
86 695 
506 293 
372 645 
229 601 
672 657 
650 205 
95 459 
524 833 
770 827 
605 442 
489 892 
76 348 
94 609 
280 850 
99 727 
407 552 
340 766 
195 848 
260 745 
321 537 
651 180 
812 737 
553 283 
784 420 
168 594 
886 418 
194 126 
22 830 
351 166 
328 325 
839 445 
859 388 
737 181 
364 296 
259 758 
93 403 
128 434 
436 823 
145 383 
217 287 
514 565 
319 151 
539 717 
345 285 
301 335 
689 235 
190 733 
791 450 
199 719 
397 701 
313 439 
148 475 
176 317 
212 450 
584 214 
291 151 
881 302 
279 329 
609 529 
783 761 
646 857 
522 503 
616 864 
544 578 
65 560 
53 334 
211 856 
477 346 
441 180 
365 733 
466 393 
288 419 
615 832 
364 573 
540 208 
38 299 
523 789 
803 343 
38 616 
427 524 
760 274 
706 248 
338 526 
139 763 
652 637 
846 346 
508 453 
63 185 
482 758 
252 321 
355 166 
680 891 
767 668 
490 296 
426 615 
257 133 
179 538 
62 478 
51 622 
645 230 
53 424 
294 748 
530 586 
157 623 
133 165 
506 771 
49 409 
714 531 
574 170 
402 821 
27 894 
91 533 
94 196 
379 170 
578 326 
197 536 
420 222 
232 873 
765 291 
434 613 
456 499 
734 818 
31 719 
669 846 
557 250 
77 533 
202 295 
446 250 
545 151 
666 154 
631 852 
226 872 
703 834 
474 343 
813 515 
270 826 
629 413 
814 783 
356 280 
613 495 
459 183 
846 134 
207 168 
306 215 
331 436 
656 441 
616 705 
485 822 
429 332 
383 337 
648 194 
675 722 
437 880 
717 213 
877 421 
180 151 
800 595 
777 728 
223 301 
848 327 
837 173 
864 484 
290 141 
677 877 
213 545 
126 180 
494 851 
42 206 
195 480 
197 565 
301 372 
312 751 
444 247 
13 590 
78 882 
570 144 
269 145 
272 393 
380 794 
320 805 
482 557 
235 139 
28 347 
379 813 
693 410 
644 188 
302 568 
877 209 
827 491 
194 222 
532 177 
600 502 
362 239 
401 654 
602 238 
685 433 
824 903 
840 277 
546 176 
424 151 
268 542 
139 214 
498 537 
97 384 
378 868 
394 875 
95 217 
184 627 
646 732 
549 349 
87 413 
804 626 
318 613 
543 640 
460 453 
885 221 
201 389 
79 178 
204 904 
188 813 
692 813 
273 891 
356 740 
594 345 
390 858 
723 516 
849 736 
168 274 
768 905 
504 599 
720 564 
736 426 
885 901 
400 738 
341 811 
760 464 
826 128 
293 327 
530 146 
396 413 
810 226 
178 748 
243 545 
423 772 
406 396 
711 481 
221 250 
827 773 
735 370 
408 243 
287 737 
582 864 
365 522 
507 592 
543 323 
595 532 
187 408 
609 757 
160 763 
221 863 
739 173 
473 579 
284 725 
847 834 
124 152 
568 736 
19 631 
873 613 
805 865 
627 281 
756 683 
866 597 
468 168 
154 505 
103 557 
850 149 
656 400 
583 413 
220 155 
432 681 
281 385 
671 441 
54 305 
32 242 
829 732 
372 818 
353 197 
125 180 
617 443 
797 141 
880 527 
342 589 
567 278 
73 512 
827 710 
479 385 
285 684 
188 184 
599 353 
546 219 
227 195 
610 560 
60 126 
182 788 
671 285 
177 814 
224 479 
376 584 
793 866 
51 836 
610 363 
633 344 
153 907 
274 882 
390 199 
85 405 
519 212 
855 432 
519 164 
37 153 
489 223 
30 506 
390 445 
285 705 
511 261 
401 174 
522 435 
180 517 
20 691 
209 276 
54 573 
685 544 
78 505 
809 370 
481 271 
259 764 
408 350 
772 442 
351 820 
455 179 
173 761 
147 165 
362 516 
152 612 
437 154 
450 171 
619 814 
721 358 
887 151 
74 447 
540 497 
243 562 
847 155 
836 888 
853 224 
225 530 
619 280 
503 640 
356 236 
712 863 
672 599 
66 362 
201 608 
769 405 
482 694 
53 827 
217 137 
183 498 
92 852 
736 527 
782 526 
445 520 
114 211 
547 462 
75 486 
45 868 
18 832 
510 172 
246 796 
656 659 
595 290 
531 755 
661 549 
657 365 
206 712 
172 551 
259 408 
862 518 
37 306 
500 311 
264 378 
207 723 
880 468 
726 324 
777 333 
327 443 
563 543 
88 295 
353 525 
450 568 
611 797 
327 549 
587 650 
24 669 
194 507 
392 594 
110 618 
397 169 
97 286 
281 425 
409 336 
718 873 
247 525 
669 445 
24 288 
815 747 
522 592 
286 750 
496 437 
514 658 
751 859 
806 304 
546 256 
323 238 
231 612 
297 407 
562 776 
85 686 
293 523 
190 811 
653 604 
302 756 
312 541 
757 126 
247 600 
280 783 
341 895 
331 224 
761 805 
310 153 
607 770 
673 824 
94 701 
759 521 
292 716 
54 894 
118 563 
593 204 
600 445 
588 542 
217 359 
317 577 
118 871 
226 478 
343 509 
344 381 
492 838 
592 499 
247 790 
630 836 
772 811 
264 513 
388 282 
669 152 
679 292 
308 231 
597 879 
803 764 
622 456 
67 714 
345 334 
388 318 
776 761 
204 384 
235 697 
650 744 
867 237 
369 556 
244 434 
148 878 
768 262 
600 623 
739 378 
553 564 
28 689 
799 658 
687 834 
867 654 
71 268 
390 433 
377 717 
661 147 
119 493 
404 720 
541 271 
66 899 
357 781 
272 133 
541 582 
54 452 
226 836 
599 754 
512 161 
281 152 
133 906 
237 639 
184 221 
535 652 
400 736 
322 501 
839 257 
156 786 
403 209 
197 257 
341 876 
602 522 
144 280 
261 269 
571 759 
587 515 
561 251 
870 176 
194 400 
396 832 
816 659 
625 217 
455 406 
449 801 
865 395 
14 651 
814 227 
554 271 
597 524 
703 593 
137 207 
652 621 
19 722 
792 190 
832 871 
464 732 
379 814 
593 507 
342 811 
780 694 
160 825 
318 551 
759 593 
145 805 
775 609 
121 859 
42 180 
82 134 
768 737 
191 498 
535 592 
846 413 
217 638 
528 700 
385 687 
855 728 
574 414 
300 238 
825 562 
286 197 
73 902 
108 446 
528 209 
93 844 
413 551 
802 229 
27 245 
334 223 
683 421 
460 405 
74 392 
393 693 
84 486 
762 672 
226 835 
413 678 
235 384 
639 892 
627 565 
840 785 
672 751 
460 718 
318 515 
292 338 
744 725 
849 503 
539 736 
247 782 
716 202 
620 344 
837 782 
590 847 
594 606 
615 618 
433 763 
166 746 
126 491 
277 184 
201 866 
226 402 
101 525 
544 781 
791 176 
351 556 
12 690 
354 274 
168 382 
393 711 
338 147 
763 233 
368 806 
349 498 
336 503 
596 378 
851 463 
570 247 
370 545 
680 708 
685 264 
573 344 
474 238 
18 499 
36 198 
184 468 
200 213 
803 901 
657 139 
719 390 
251 554 
310 871 
610 408 
835 465 
467 220 
614 520 
143 512 
322 684 
18 728 
300 616 
716 853 
86 131 
212 644 
265 559 
513 505 
335 285 
772 577 
647 537 
875 349 
526 397 
593 249 
399 299 
539 641 
394 757 
719 241 
837 754 
834 530 
824 634 
284 778 
389 416 
545 215 
342 802 
150 318 
295 636 
635 801 
272 481 
742 810 
437 671 
173 238 
312 493 
305 874 
232 432 
852 207 
658 251 
49 718 
713 727 
244 228 
384 185 
208 542 
768 858 
849 315 
852 467 
183 594 
778 250 
592 239 
597 156 
711 850 
816 190 
665 900 
295 901 
118 753 
349 225 
536 832 
105 787 
192 478 
368 391 
385 273 
538 377 
105 455 
273 544 
310 616 
374 652 
480 147 
488 211 
261 528 
332 339 
571 414 
90 736 
194 220 
324 694 
108 843 
777 736 
384 802 
410 442 
843 200 
842 410 
642 145 
78 356 
878 363 
741 585 
697 138 
300 645 
227 733 
848 658 
502 579 
464 511 
336 510 
760 211 
460 435 
557 628 
633 884 
52 311 
211 559 
871 180 
44 865 
133 286 
281 148 
482 415 
172 773 
586 309 
98 499 
64 447 
764 141 
194 381 
774 556 
432 457 
622 907 
588 542 
271 680 
702 462 
667 347 
713 621 
49 140 
237 236 
121 184 
551 724 
653 611 
877 538 
788 288 
546 574 
602 789 
875 357 
242 258 
837 450 
518 480 
485 156 
587 521 
37 568 
557 673 
514 819 
185 209 
245 786 
154 787 
728 817 
665 317 
101 392 
156 481 
395 876 
35 507 
568 136 
367 712 
518 674 
723 715 
372 353 
794 905 
738 705 
424 788 
291 393 
577 488 
869 723 
198 661 
413 771 
727 323 
409 741 
204 261 
96 677 
811 815 
307 666 
826 266 
411 206 
605 265 
197 745 
37 861 
80 316 
287 422 
637 228 
700 614 
496 300 
331 320 
93 227 
663 778 
764 414 
460 714 
298 411 
222 172 
503 224 
639 773 
637 750 
228 181 
640 657 
447 164 
349 146 
232 344 
170 175 
531 733 
448 505 
677 165 
265 778 
187 458 
20 718 
53 266 
324 713 
264 371 
149 747 
460 588 
664 800 
847 363 
219 390 
639 252 
115 231 
877 612 
269 556 
555 901 
288 901 
446 597 
239 850 
180 235 
279 763 
874 700 
592 417 
566 202 
405 900 
175 237 
89 517 
670 715 
765 720 
116 731 
698 164 
40 684 
194 279 
75 758 
73 604 
345 366 
47 458 
130 551 
149 813 
369 166 
14 563 
835 292 
138 138 
839 688 
649 394 
409 208 
407 339 
238 884 
24 633 
382 207 
793 309 
675 278 
419 884 
521 888 
281 827 
164 698 
214 702 
54 143 
101 457 
604 559 
321 710 
569 269 
243 905 
109 127 
470 469 
590 448 
568 152 
268 790 
850 414 
596 406 
459 805 
467 304 
540 168 
374 422 
763 139 
739 722 
463 207 
593 758 
588 604 
631 723 
543 864 
794 310 
390 757 
878 125 
632 852 
535 872 
139 495 
545 452 
304 884 
668 134 
369 714 
56 331 
620 707 
319 893 
133 833 
171 457 
75 462 
567 786 
191 726 
485 850 
516 688 
695 123 
803 587 
683 306 
631 695 
79 167 
95 156 
304 790 
441 447 
704 247 
354 188 
30 265 
312 330 
551 728 
823 822 
107 694 
838 203 
775 366 
514 638 
653 720 
715 759 
309 415 
523 244 
306 638 
17 177 
627 831 
665 449 
458 660 
35 220 
260 681 
518 254 
102 225 
517 266 
26 492 
808 524 
648 696 
191 558 
806 657 
351 777 
459 353 
594 254 
396 564 
217 353 
708 327 
644 285 
767 475 
684 858 
423 628 
786 552 
137 488 
476 792 
714 818 
523 755 
729 613 
536 844 
22 545 
180 224 
293 260 
53 792 
873 410 
442 455 
332 463 
105 446 
539 511 
552 671 
391 533 
810 256 
475 488 
838 499 
679 217 
297 140 
101 900 
776 731 
530 587 
744 207 
875 661 
72 742 
216 835 
742 674 
726 259 
780 418 
226 483 
126 216 
519 145 
686 145 
811 132 
679 771 
241 295 
86 652 
190 299 
647 738 
796 381 
485 157 
554 342 
548 249 
426 251 
301 253 
822 586 
702 564 
172 831 
443 354 
843 639 
675 841 
790 300 
328 275 
64 426 
258 419 
475 168 
85 496 
442 268 
781 371 
741 657 
869 898 
858 740 
500 449 
863 244 
485 593 
277 773 
695 663 
393 216 
828 532 
778 811 
406 709 
301 774 
755 349 
472 796 
84 806 
215 590 
372 770 
736 839 
883 174 
27 867 
334 425 
432 276 
152 787 
832 886 
371 779 
539 730 
768 350 
616 367 
57 219 
89 264 
773 289 
751 402 
158 644 
489 738 
115 783 
314 446 
169 533 
566 370 
352 459 
650 313 
36 227 
281 800 
503 221 
801 521 
458 789 
357 311 
542 499 
849 211 
808 814 
522 422 
635 629 
460 879 
362 835 
782 556 
20 565 
219 605 
526 771 
209 228 
746 645 
369 678 
64 394 
341 586 
47 161 
87 496 
433 606 
250 646 
225 645 
85 471 
776 834 
83 847 
204 755 
509 265 
150 545 
848 592 
201 888 
574 298 
724 318 
528 635 
885 541 
667 314 
313 523 
292 456 
668 158 
783 722 
25 813 
453 466 
824 309 
47 381 
153 470 
343 505 
585 302 
275 314 
612 147 
553 745 
200 154 
721 294 
611 878 
400 304 
170 136 
628 888 
829 269 
388 190 
516 545 
224 678 
679 390 
679 833 
265 446 
170 172 
231 556 
279 140 
416 449 
600 632 
485 830 
779 437 
88 822 
815 375 
393 739 
167 143 
420 782 
359 758 
307 464 
836 725 
158 413 
537 362 
769 674 
784 539 
289 581 
685 124 
289 181 
519 837 
468 345 
76 168 
134 250 
551 441 
859 378 
126 665 
114 465 
518 611 
132 360 
317 706 
344 334 
867 617 
81 876 
189 386 
613 547 
405 520 
514 508 
723 436 
380 645 
859 250 
349 536 
877 724 
111 378 
391 738 
47 381 
233 632 
589 363 
373 476 
249 449 
698 756 
618 158 
724 348 
672 824 
254 669 
318 520 
764 166 
571 694 
787 131 
65 299 
582 671 
667 774 
727 641 
387 226 
707 436 
135 838 
280 131 
720 141 
51 907 
616 908 
609 509 
198 170 
73 158 
42 425 
800 396 
819 405 
135 265 
669 830 
78 375 
744 483 
473 190 
95 862 
673 777 
230 445 
680 429 
117 548 
252 455 
566 472 
125 442 
274 548 
632 868 
779 765 
791 591 
719 498 
101 324 
127 637 
506 376 
108 481 
695 177 
116 124 
532 739 
569 403 
466 250 
197 666 
216 232 
865 390 
344 241 
705 692 
689 423 
169 259 
175 245 
144 906 
483 855 
641 233 
246 773 
458 883 
340 676 
342 779 
66 621 
485 478 
667 733 
788 413 
591 482 
619 653 
821 369 
850 511 
741 667 
457 481 
27 878 
875 228 
637 718 
708 836 
264 471 
563 793 
370 733 
837 405 
303 212 
830 901 
454 382 
78 844 
710 539 
435 612 
702 846 
271 802 
464 267 
351 262 
383 616 
858 852 
13 786 
326 253 
65 590 
202 659 
693 721 
610 356 
645 787 
587 714 
88 629 
402 606 
695 879 
868 472 
600 898 
164 205 
182 291 
103 275 
39 762 
804 270 
373 431 
129 229 
202 563 
685 728 
208 645 
367 364 
507 842 
436 423 
791 837 
266 541 
428 875 
848 137 
493 648 
722 703 
161 585 
293 451 
696 376 
72 641 
511 124 
218 362 
242 486 
364 504 
134 155 
423 723 
885 282 
790 402 
468 469 
87 784 
493 211 
273 601 
808 534 
536 672 
338 191 
875 708 
454 742 
348 331 
458 656 
793 230 
293 607 
867 263 
686 676 
87 507 
323 464 
19 721 
333 451 
511 316 
515 834 
550 754 
744 761 
482 587 
423 606 
366 405 
632 598 
255 532 
587 847 
884 554 
683 720 
23 341 
494 811 
862 704 
559 458 
749 321 
325 868 
708 778 
321 611 
171 406 
801 342 
407 152 
476 705 
263 218 
256 340 
809 748 
22 293 
109 704 
223 224 
124 827 
249 888 
636 835 
77 297 
423 659 
439 265 
799 199 
787 349 
578 406 
340 682 
798 665 
768 242 
883 155 
344 575 
655 486 
744 727 
129 342 
433 534 
347 259 
322 863 
257 600 
144 843 
473 194 
735 796 
666 706 
672 469 
452 187 
100 858 
395 493 
232 447 
359 307 
610 365 
749 463 
341 685 
594 190 
646 500 
464 749 
688 449 
193 610 
769 788 
710 797 
795 761 
478 428 
402 186 
379 341 
704 373 
390 267 
882 542 
830 883 
139 312 
51 848 
488 723 
355 615 
234 213 
503 490 
447 215 
349 331 
280 345 
610 269 
789 540 
664 410 
200 503 
712 897 
665 267 
470 345 
871 541 
677 251 
694 463 
440 895 
620 551 
711 536 
62 746 
214 601 
101 873 
65 867 
853 340 
856 786 
824 815 
608 748 
138 365 
506 521 
72 746 
274 629 
688 883 
166 745 
130 197 
280 673 
719 609 
451 493 
666 219 
182 568 
593 711 
477 262 
818 726 
243 682 
635 564 
747 457 
404 434 
822 193 
775 284 
873 439 
647 680 
446 283 
119 846 
90 830 
193 209 
208 884 
399 826 
108 906 
242 616 
646 717 
448 464 
58 550 
886 319 
725 289 
649 141 
164 729 
347 685 
566 169 
288 647 
31 670 
17 471 
48 623 
581 374 
105 137 
732 791 
482 230 
49 487 
814 613 
200 382 
194 269 
734 475 
618 590 
624 870 
328 765 
53 618 
174 433 
255 277 
142 460 
295 659 
133 887 
656 310 
113 778 
503 370 
113 848 
62 752 
25 521 
321 575 
350 461 
41 331 
638 635 
385 735 
697 498 
75 198 
826 523 
435 800 
178 380 
354 214 
269 366 
566 223 
32 182 
346 391 
205 662 
358 660 
85 484 
581 809 
717 400 
576 647 
388 630 
726 315 
110 562 
77 637 
725 684 
804 175 
636 281 
464 723 
211 619 
74 412 
826 153 
320 864 
487 137 
107 216 
649 891 
215 294 
115 168 
723 748 
575 569 
738 533 
579 297 
198 376 
816 351 
355 687 
821 673 
793 712 
826 244 
154 709 
795 137 
115 563 
294 247 
77 622 
620 311 
291 778 
380 430 
91 206 
167 478 
646 164 
607 141 
791 259 
520 409 
363 885 
294 621 
824 280 
128 592 
130 245 
618 546 
487 887 
664 697 
337 597 
279 263 
784 713 
373 245 
518 429 
644 188 
881 445 
182 519 
675 897 
234 212 
605 743 
343 480 
440 890 
599 329 
103 358 
486 729 
211 227 
216 618 
868 592 
330 277 
349 495 
860 169 
611 709 
71 731 
866 674 
689 856 
324 607 
111 879 
465 837 
164 547 
445 694 
356 609 
765 341 
124 320 
249 551 
616 414 
776 309 
301 446 
422 517 
269 697 
26 194 
95 297 
771 563 
154 758 
572 844 
585 268 
318 655 
146 532 
294 565 
312 389 
72 695 
183 621 
308 245 
708 881 
205 704 
798 814 
716 405 
805 559 
756 746 
321 442 
58 295 
818 815 
320 433 
807 406 
582 659 
199 573 
212 457 
283 818 
214 722 
599 324 
748 165 
874 398 
196 308 
549 397 
851 333 
185 718 
248 795 
634 824 
440 154 
532 300 
157 884 
765 241 
769 527 
547 516 
511 831 
751 349 
448 824 
321 425 
641 549 
377 647 
520 907 
565 369 
38 572 
117 218 
545 896 
590 399 
728 236 
728 808 
876 558 
77 472 
326 225 
551 459 
357 413 
199 641 
522 567 
86 317 
794 727 
283 464 
631 739 
400 885 
398 831 
659 703 
249 784 
528 304 
567 896 
417 806 
213 843 
447 243 
621 223 
349 292 
878 646 
658 738 
743 156 
410 346 
689 343 
455 604 
272 589 
426 714 
714 879 
119 390 
339 641 
78 183 
284 148 
210 414 
520 170 
213 807 
343 176 
99 249 
284 420 
365 472 
667 686 
273 396 
715 444 
241 322 
433 189 
614 385 
552 767 
412 387 
874 239 
214 533 
222 754 
696 472 
78 559 
431 507 
85 176 
115 202 
398 901 
472 210 
743 168 
447 741 
421 890 
728 832 
534 153 
590 247 
235 481 
706 448 
579 193 
110 238 
102 500 
367 591 
686 569 
289 797 
527 636 
102 889 
823 400 
351 807 
390 830 
690 621 
124 147 
236 636 
556 907 
472 322 
817 463 
264 712 
163 550 
763 499 
769 555 
714 663 
286 763 
471 456 
713 471 
517 127 
681 190 
500 358 
391 876 
820 210 
151 537 
554 557 
38 737 
668 823 
537 646 
140 866 
80 291 
507 853 
143 369 
515 277 
580 645 
432 215 
452 798 
279 418 
450 813 
263 730 
864 406 
350 424 
724 631 
453 890 
45 642 
472 552 
795 573 
715 833 
738 787 
575 242 
167 374 
793 728 
720 275 
810 519 
336 620 
860 898 
671 611 
576 630 
700 642 
560 592 
402 164 
527 676 
485 223 
608 138 
69 694 
138 903 
94 482 
203 314 
476 836 
197 305 
867 542 
793 557 
431 212 
837 468 
302 780 
657 597 
594 279 
66 140 
22 857 
775 758 
637 304 
551 306 
625 179 
326 390 
240 699 
693 546 
621 372 
549 468 
452 763 
88 684 
379 856 
499 161 
709 628 
833 883 
19 225 
739 323 
734 190 
168 562 
517 495 
364 244 
58 506 
644 509 
708 752 
513 708 
483 386 
388 732 
695 746 
617 837 
233 839 
608 147 
87 649 
565 840 
543 346 
652 853 
575 813 
30 895 
237 347 
94 271 
648 854 
319 688 
556 830 
466 156 
374 772 
560 638 
130 787 
516 350 
420 502 
386 348 
594 265 
236 548 
526 759 
583 856 
596 134 
797 279 
64 565 
848 688 
295 447 
652 659 
870 697 
625 505 
285 542 
565 208 
694 504 
449 751 
461 218 
362 306 
299 430 
530 142 
403 363 
612 798 
608 635 
436 397 
678 790 
46 375 
773 812 
452 645 
593 594 
236 858 
748 656 
480 726 
718 597 
100 696 
259 268 
692 837 
431 905 
170 418 
100 409 
723 696 
167 730 
799 360 
529 811 
163 571 
173 318 
881 577 
432 726 
35 307 
675 409 
71 810 
423 701 
637 167 
848 570 
673 434 
194 260 
200 638 
378 660 
342 206 
155 863 
501 164 
561 666 
31 229 
648 903 
48 389 
734 399 
423 848 
848 133 
791 779 
648 860 
241 543 
766 402 
243 169 
221 253 
832 607 
180 398 
361 370 
312 371 
515 130 
115 381 
757 660 
340 577 
787 739 
144 211 
480 273 
639 791 
414 650 
819 457 
454 329 
332 441 
505 285 
783 167 
601 763 
39 500 
837 673 
153 271 
659 520 
678 529 
153 417 
313 450 
703 271 
135 752 
262 508 
555 201 
207 378 
166 233 
439 740 
51 178 
825 585 
322 855 
776 418 
284 278 
624 833 
478 270 
565 794 
190 401 
523 821 
857 846 
61 436 
541 239 
464 162 
329 337 
129 519 
417 465 
126 838 
521 435 
302 134 
809 267 
548 366 
175 292 
858 902 
853 699 
347 705 
331 739 
151 666 
25 415 
52 697 
300 190 
82 126 
792 779 
544 450 
458 679 
590 772 
244 797 
767 728 
723 372 
440 241 
603 255 
623 690 
544 547 
588 432 
738 257 
271 573 
478 804 
843 749 
785 908 
179 856 
705 628 
723 592 
688 441 
148 188 
711 638 
16 344 
725 622 
722 346 
453 849 
879 205 
422 767 
442 799 
852 723 
642 428 
269 420 
785 492 
63 587 
704 548 
594 478 
634 700 
222 411 
216 468 
637 537 
380 662 
412 452 
495 566 
882 890 
775 465 
695 201 
399 518 
711 251 
152 129 
596 167 
305 725 
489 659 
400 220 
62 143 
698 563 
595 362 
263 540 
242 165 
314 893 
167 545 
762 728 
104 725 
608 612 
250 329 
62 674 
88 278 
817 773 
655 498 
637 467 
306 155 
766 182 
887 714 
380 190 
567 288 
158 393 
257 129 
377 824 
554 440 
216 290 
217 251 
124 897 
302 822 
540 712 
631 350 
147 808 
109 268 
310 267 
722 171 
30 720 
733 401 
496 537 
456 694 
699 630 
331 871 
288 749 
282 343 
510 897 
133 603 
14 545 
132 462 
481 704 
423 416 
18 572 
262 675 
339 692 
768 466 
766 465 
488 664 
139 754 
285 874 
148 731 
803 823 
500 842 
489 125 
173 454 
592 814 
210 178 
226 589 
64 677 
808 502 
264 799 
18 673 
705 202 
399 833 
674 160 
52 133 
33 598 
261 192 
832 457 
88 901 
411 551 
749 528 
783 232 
506 724 
812 841 
31 353 
487 668 
886 593 
780 836 
508 286 
442 407 
749 746 
764 621 
357 519 
232 502 
814 848 
781 808 
45 641 
703 168 
883 810 
29 665 
495 723 
312 262 
180 277 
262 416 
143 168 
29 614 
836 688 
683 312 
294 773 
110 301 
31 726 
268 671 
359 224 
543 406 
698 322 
61 270 
437 878 
170 435 
814 489 
395 564 
225 133 
630 817 
306 487 
727 489 
702 403 
488 554 
817 759 
726 170 
507 538 
16 876 
314 906 
870 365 
675 137 
458 214 
561 896 
350 529 
57 816 
320 310 
199 535 
311 236 
98 849 
674 526 
28 875 
564 665 
266 517 
521 347 
314 361 
112 882 
336 757 
382 370 
463 333 
156 356 
493 705 
232 125 
304 325 
373 637 
692 797 
358 855 
44 319 
344 373 
283 735 
547 334 
730 678 
626 839 
270 771 
128 376 
520 183 
34 727 
108 258 
486 588 
467 459 
731 616 
380 462 
91 601 
792 665 
391 878 
342 555 
712 569 
69 501 
610 742 
250 291 
729 849 
370 310 
256 608 
686 488 
548 796 
75 494 
216 276 
273 557 
535 198 
92 711 
612 695 
336 361 
286 559 
874 345 
93 593 
107 879 
674 756 
366 292 
44 231 
454 233 
110 200 
344 899 
332 144 
290 598 
462 365 
266 663 
472 635 
610 383 
664 345 
127 569 
512 225 
360 839 
675 325 
589 805 
251 384 
660 830 
44 225 
35 305 
93 473 
592 742 
56 673 
409 358 
240 888 
67 576 
667 329 
135 244 
392 280 
530 781 
570 288 
260 408 
635 297 
530 902 
397 640 
404 523 
547 571 
702 811 
326 344 
221 225 
295 769 
819 153 
139 805 
614 898 
798 727 
71 151 
167 538 
661 547 
32 642 
262 604 
536 331 
575 469 
702 852 
776 605 
553 908 
66 903 
325 491 
282 449 
312 299 
652 841 
252 700 
74 901 
711 396 
878 534 
706 571 
520 394 
846 724 
539 663 
537 602 
480 847 
476 172 
718 474 
213 865 
46 804 
677 345 
416 264 
769 311 
697 343 
882 287 
695 205 
312 874 
167 620 
783 707 
611 463 
493 625 
314 892 
419 733 
551 305 
504 364 
813 836 
643 828 
583 599 
192 725 
797 693 
760 679 
566 330 
304 357 
704 826 
788 692 
879 833 
879 272 
723 573 
697 765 
710 290 
343 847 
287 683 
349 301 
303 874 
622 299 
395 898 
496 539 
52 605 
168 637 
667 419 
235 793 
142 720 
643 651 
885 143 
612 631 
446 219 
716 806 
414 426 
75 258 
387 206 
29 155 
552 781 
524 391 
414 449 
708 891 
429 431 
532 580 
531 423 
785 903 
420 321 
40 645 
826 685 
71 301 
602 231 
170 486 
192 748 
243 387 
381 195 
129 203 
240 280 
350 372 
253 837 
21 721 
838 257 
105 686 
108 832 
29 763 
558 456 
79 303 
163 870 
621 770 
412 289 
756 435 
412 796 
62 774 
194 577 
670 647 
74 572 
12 748 
846 666 
76 667 
795 838 
361 304 
122 569 
677 841 
653 255 
297 730 
634 442 
331 274 
102 648 
172 388 
461 267 
93 713 
882 462 
229 129 
755 582 
586 701 
326 300 
807 788 
167 857 
391 367 
378 527 
666 901 
782 722 
839 281 
739 282 
837 669 
634 549 
516 635 
692 530 
840 214 
90 419 
25 606 
846 779 
522 434 
788 710 
46 821 
73 359 
390 666 
181 171 
828 525 
145 862 
25 648 
192 650 
767 497 
635 506 
235 752 
62 885 
798 491 
440 439 
701 187 
705 186 
606 846 
807 403 
414 486 
130 133 
381 673 
504 665 
403 481 
296 278 
360 556 
682 548 
436 169 
203 354 
124 770 
719 445 
651 402 
353 424 
108 822 
417 433 
54 261 
237 778 
172 808 
190 314 
785 819 
526 726 
197 622 
780 370 
425 780 
340 697 
98 763 
156 566 
389 632 
478 486 
758 676 
367 435 
223 731 
596 330 
693 331 
627 501 
52 482 
787 598 
526 574 
230 755 
454 152 
850 577 
103 667 
81 153 
603 206 
645 813 
803 803 
646 279 
89 135 
202 747 
500 500 
425 861 
146 549 
457 560 
684 887 
97 551 
607 440 
163 413 
165 731 
858 465 
720 850 
34 680 
111 600 
453 861 
703 428 
23 847 
524 145 
536 770 
440 455 
692 291 
154 318 
735 440 
516 431 
251 324 
182 278 
229 173 
208 541 
637 854 
293 672 
436 349 
218 612 
672 488 
563 192 
194 310 
107 661 
600 834 
763 304 
678 596 
705 600 
740 356 
510 568 
570 865 
273 242 
385 723 
770 722 
35 860 
368 728 
820 164 
128 679 
407 812 
680 722 
720 778 
246 607 
318 220 
799 753 
310 544 
191 751 
807 504 
868 416 
687 753 
226 359 
531 146 
210 248 
566 467 
837 430 
798 326 
192 213 
864 637 
821 537 
737 487 
144 679 
834 685 
140 514 
457 883 
430 875 
243 528 
647 537 
600 396 
30 629 
851 172 
352 216 
289 671 
196 848 
23 496 
808 625 
233 749 
588 474 
636 808 
305 296 
209 378 
710 615 
172 866 
883 839 
686 398 
411 584 
252 602 
783 314 
655 862 
735 255 
468 236 
219 800 
91 258 
549 879 
884 723 
293 831 
61 406 
18 481 
264 272 
354 593 
286 462 
392 486 
308 824 
120 797 
58 436 
114 331 
870 406 
883 503 
489 479 
470 590 
758 616 
371 377 
547 541 
402 754 
639 637 
542 729 
870 599 
813 623 
581 874 
614 796 
261 160 
821 828 
102 331 
873 876 
733 786 
745 472 
579 175 
783 499 
854 166 
717 375 
414 288 
324 363 
665 778 
366 769 
234 880 
665 636 
750 365 
407 465 
787 869 
224 753 
528 882 
607 732 
557 534 
137 233 
172 557 
810 749 
18 571 
342 192 
435 172 
402 288 
162 200 
821 165 
150 463 
852 908 
412 431 
53 275 
825 159 
519 444 
523 711 
699 639 
291 544 
630 574 
807 574 
32 537 
770 587 
691 257 
282 223 
624 213 
336 297 
149 492 
457 841 
161 515 
518 634 
569 553 
685 495 
518 287 
65 653 
325 227 
333 487 
18 432 
756 449 
507 321 
694 756 
250 218 
512 900 
560 642 
257 722 
723 815 
750 190 
598 761 
157 633 
316 184 
476 369 
183 187 
88 821 
385 389 
260 554 
355 801 
804 890 
765 437 
661 188 
189 819 
827 310 
474 726 
110 289 
41 430 
400 209 
146 668 
656 271 
159 679 
756 719 
628 821 
785 638 
182 657 
677 315 
242 607 
177 247 
160 273 
125 734 
178 302 
487 160 
726 805 
801 192 
237 192 
551 787 
365 800 
288 799 
227 453 
189 530 
568 639 
705 277 
676 208 
590 346 
359 712 
820 340 
606 176 
105 206 
99 901 
110 127 
836 892 
80 424 
748 880 
99 600 
223 334 
732 516 
503 835 
73 293 
225 163 
489 383 
159 178 
778 749 
520 470 
571 581 
261 598 
304 524 
690 868 
203 469 
410 245 
317 754 
247 672 
772 412 
391 908 
403 223 
289 589 
857 420 
105 576 
563 766 
114 583 
25 876 
287 129 
253 744 
371 423 
887 418 
414 355 
762 507 
725 901 
193 208 
283 483 
513 568 
268 683 
370 698 
33 616 
654 778 
539 885 
179 839 
358 729 
275 870 
544 469 
290 679 
270 533 
400 710 
490 564 
16 530 
537 209 
694 578 
680 545 
526 625 
469 414 
209 819 
333 731 
306 772 
476 128 
200 285 
831 217 
759 280 
630 610 
877 643 
225 368 
673 681 
203 345 
40 729 
336 209 
638 525 
219 430 
594 381 
16 290 
23 295 
262 868 
293 261 
677 791 
667 294 
115 777 
331 649 
34 184 
759 196 
845 278 
469 678 
145 738 
459 356 
735 607 
573 404 
735 364 
283 560 
476 525 
563 777 
408 608 
57 405 
63 854 
212 604 
174 458 
867 426 
550 185 
672 469 
40 367 
409 566 
90 821 
566 730 
51 528 
294 477 
206 571 
154 443 
253 784 
486 637 
564 762 
70 349 
450 902 
229 816 
745 725 
737 870 
814 183 
32 139 
600 479 
509 649 
228 218 
836 521 
133 453 
704 827 
289 672 
359 549 
102 780 
632 327 
146 533 
25 442 
544 501 
717 423 
120 822 
166 548 
696 276 
153 369 
258 782 
446 543 
759 313 
434 145 
245 908 
374 878 
878 452 
556 257 
649 422 
80 702 
432 872 
147 853 
326 146 
621 669 
644 271 
726 561 
235 387 
642 361 
795 148 
823 545 
342 460 
168 804 
108 703 
717 356 
85 620 
422 908 
374 642 
418 860 
230 836 
195 455 
854 241 
249 234 
566 180 
864 188 
748 748 
614 230 
788 231 
216 580 
286 168 
126 132 
819 454 
237 354 
466 476 
674 344 
734 417 
43 493 
572 661 
14 145 
840 569 
404 815 
469 713 
583 598 
272 152 
318 337 
513 574 
277 355 
342 355 
121 197 
517 383 
853 217 
138 186 
176 717 
845 683 
320 548 
724 841 
870 642 
522 868 
615 557 
725 492 
700 201 
158 609 
734 167 
272 124 
89 655 
123 537 
822 166 
619 827 
319 830 
537 205 
746 436 
144 815 
51 274 
98 393 
241 778 
687 585 
841 411 
700 780 
126 231 
334 188 
542 657 
814 617 
67 708 
267 166 
494 243 
375 590 
845 276 
761 231 
842 376 
342 241 
770 755 
806 592 
656 879 
214 203 
690 736 
654 856 
47 377 
193 289 
497 205 
725 683 
44 471 
137 387 
92 751 
258 157 
538 488 
798 741 
103 869 
824 868 
446 379 
13 532 
627 322 
534 581 
39 148 
445 244 
844 571 
877 447 
743 673 
250 250 
692 698 
549 225 
766 451 
443 888 
288 374 
100 742 
469 500 
344 728 
437 335 
551 381 
385 253 
53 482 
639 411 
22 327 
724 623 
689 182 
437 629 
243 180 
798 233 
544 460 
425 497 
602 220 
414 149 
772 294 
296 730 
367 226 
792 160 
691 654 
439 884 
717 901 
641 803 
177 902 
548 735 
186 186 
195 224 
338 435 
463 307 
295 578 
358 462 
768 199 
863 407 
683 236 
645 379 
114 383 
867 730 
720 444 
709 426 
800 252 
98 887 
816 204 
497 329 
261 292 
874 540 
310 351 
96 602 
358 654 
119 221 
518 821 
12 239 
320 323 
243 562 
861 175 
718 186 
422 609 
551 897 
457 258 
297 698 
790 722 
56 279 
876 699 
651 869 
460 749 
748 703 
314 150 
391 848 
113 371 
456 485 
59 857 
539 620 
463 203 
759 353 
611 417 
419 256 
700 748 
666 673 
284 276 
714 475 
300 306 
194 269 
696 580 
29 174 
568 200 
563 358 
132 575 
148 212 
664 568 
295 485 
744 862 
841 199 
846 136 
356 345 
161 873 
346 284 
697 844 
731 880 
782 530 
106 835 
26 172 
141 647 
243 244 
409 771 
853 670 
656 658 
768 456 
69 429 
33 188 
649 251 
843 840 
311 314 
884 733 
838 396 
15 322 
305 453 
86 498 
732 487 
392 819 
278 414 
319 587 
746 694 
27 788 
605 495 
20 757 
218 511 
722 526 
877 169 
660 878 
301 196 
256 256 
373 554 
710 609 
21 755 
720 372 
820 190 
581 315 
30 461 
286 866 
633 553 
670 162 
518 895 
161 348 
594 408 
447 875 
844 500 
283 499 
394 358 
796 554 
567 595 
62 742 
459 730 
290 142 
340 235 
780 608 
230 305 
296 698 
130 704 
356 338 
626 732 
401 176 
547 417 
285 746 
457 242 
137 733 
501 286 
316 481 
807 207 
797 668 
530 876 
284 475 
316 505 
289 855 
386 679 
827 781 
797 865 
387 717 
692 877 
190 516 
225 438 
78 415 
182 799 
158 200 
656 764 
608 307 
697 617 
726 510 
821 815 
807 406 
442 618 
431 592 
767 604 
180 839 
839 847 
821 660 
661 678 
571 468 
641 431 
613 556 
725 796 
387 123 
586 505 
339 210 
342 844 
826 487 
686 262 
803 232 
548 848 
249 407 
133 886 
357 653 
134 601 
418 329 
130 264 
285 301 
416 208 
490 547 
567 303 
313 492 
449 618 
473 682 
561 131 
492 206 
732 845 
401 748 
285 153 
440 582 
159 597 
851 646 
361 256 
233 780 
590 617 
252 822 
594 158 
538 140 
177 366 
82 517 
191 595 
319 722 
664 196 
569 844 
827 160 
149 749 
647 797 
364 477 
609 802 
565 762 
361 658 
828 412 
731 571 
210 453 
281 233 
118 680 
523 152 
176 728 
814 160 
41 343 
842 287 
840 322 
230 547 
401 597 
274 530 
819 842 
256 617 
679 864 
42 266 
675 585 
530 346 
453 574 
887 354 
712 492 
155 562 
679 866 
291 387 
83 793 
320 461 
142 357 
799 422 
318 253 
205 128 
515 687 
358 894 
796 525 
764 224 
721 212 
350 861 
381 724 
91 785 
851 732 
176 853 
821 180 
766 588 
747 765 
396 196 
218 123 
534 208 
198 750 
704 155 
561 416 
715 834 
716 588 
313 578 
351 405 
630 591 
703 609 
40 735 
651 431 
391 172 
276 407 
60 687 
170 724 
884 585 
836 457 
710 422 
85 750 
276 361 
394 238 
679 338 
342 376 
419 640 
20 832 
782 234 
614 772 
850 147 
741 806 
733 168 
286 576 
627 291 
233 738 
423 380 
